{"type":"Mesh data","version":"0.0.1","bufferLength":1756507,"meshes":[{"joints":[{"sid":"joint6","invBindMatrrix":[1,-1.43982e-16,2.91434e-16,-0.0757523,4.29344e-16,1,5.55112e-17,-143.352,-1.07553e-16,3.60822e-16,1,1.79968,0,0,0,1]},{"sid":"joint1","invBindMatrrix":[0.999999,-0.00062124,-0.00160749,0.24841,0.000522174,0.998143,-0.0609109,-80.0452,0.00164234,0.06091,0.998142,-5.57472,0,0,0,1]},{"sid":"joint2","invBindMatrrix":[0.999945,-0.00720813,0.00765316,0.855409,0.00782291,0.996469,-0.0836004,-90.7382,-0.00702354,0.0836556,0.99647,-6.78957,0,0,0,1]},{"sid":"joint3","invBindMatrrix":[0.999658,-0.0205822,0.0161251,2.25718,0.0213673,0.998514,-0.0501323,-103.558,-0.0150693,0.0504597,0.998612,-3.34654,0,0,0,1]},{"sid":"joint4","invBindMatrrix":[0.999129,-0.0338964,0.0243221,3.85084,0.0343188,0.999264,-0.0171659,-118.046,-0.0237224,0.0179857,0.999557,0.492337,0,0,0,1]},{"sid":"joint5","invBindMatrrix":[0.998081,-0.0607346,0.0120408,7.42216,0.0610798,0.997659,-0.030748,-134.183,-0.0101451,0.0314244,0.999455,-1.32412,0,0,0,1]},{"sid":"joint7","invBindMatrrix":[0.991972,-0.12553,-0.0152612,16.5881,0.11733,0.958676,-0.259179,-163.126,0.0471653,0.255308,0.965709,-41.8241,0,0,0,1]},{"sid":"joint8","invBindMatrrix":[-0.108302,0.01737,-0.993966,-4.72065,0.832531,-0.544835,-0.100233,65.9577,-0.543289,-0.838363,0.0445456,114.515,0,0,0,1]},{"sid":"joint9","invBindMatrrix":[0.443008,-0.0329117,-0.895913,-7.47171,0.400113,-0.887024,0.230431,105.207,-0.80228,-0.460549,-0.37979,69.7803,0,0,0,1]},{"sid":"joint10","invBindMatrrix":[0.576177,-0.53159,-0.620831,40.6693,0.0348742,-0.742908,0.668485,75.8154,-0.81658,-0.406817,-0.409508,64.5919,0,0,0,1]},{"sid":"joint11","invBindMatrrix":[0.928036,-0.271471,-0.255052,2.4449,-0.0885898,-0.825935,0.556761,66.8589,-0.361801,-0.494099,-0.790548,65.6701,0,0,0,1]},{"sid":"joint12","invBindMatrrix":[0.924591,-0.347715,-0.155648,10.3832,-0.283436,-0.900858,0.328813,77.7042,-0.25455,-0.259902,-0.93148,44.1106,0,0,0,1]},{"sid":"joint13","invBindMatrrix":[0.946297,-0.0262188,-0.322235,-12.8482,0.0309744,-0.984769,0.171088,76.2643,-0.321812,-0.171881,-0.931071,38.4314,0,0,0,1]},{"sid":"joint14","invBindMatrrix":[0.932908,-0.0844108,-0.350083,-7.38028,-0.00982281,-0.977743,0.209574,72.7351,-0.359982,-0.192074,-0.912974,40.512,0,0,0,1]},{"sid":"joint15","invBindMatrrix":[0.932908,-0.0844108,-0.350083,-7.77541,-0.00982281,-0.977743,0.209574,70.6814,-0.359982,-0.192074,-0.912974,40.512,0,0,0,1]},{"sid":"joint16","invBindMatrrix":[0.923534,-0.296555,-0.243188,4.25051,-0.220986,-0.929735,0.294547,71.5961,-0.31345,-0.218283,-0.924176,45.9169,0,0,0,1]},{"sid":"joint17","invBindMatrrix":[0.915715,-0.319914,-0.243149,6.12325,-0.346182,-0.935312,-0.0731389,79.2085,-0.204022,0.151148,-0.967228,17.0305,0,0,0,1]},{"sid":"joint18","invBindMatrrix":[0.921466,-0.305645,-0.239753,4.88077,-0.364709,-0.893191,-0.263054,76.8651,-0.133744,0.329835,-0.934517,2.18378,0,0,0,1]},{"sid":"joint19","invBindMatrrix":[0.921466,-0.305645,-0.239753,4.95616,-0.364709,-0.893191,-0.263054,73.132,-0.133744,0.329835,-0.934517,2.18378,0,0,0,1]},{"sid":"joint20","invBindMatrrix":[0.0780766,-0.00892963,0.996907,4.46172,-0.865118,-0.497558,0.0632983,61.4013,0.495454,-0.867385,-0.0465728,117.373,0,0,0,1]},{"sid":"joint21","invBindMatrrix":[0.412793,-0.136531,0.900534,25.7833,-0.464775,-0.881866,0.0793465,103.91,0.783317,-0.451299,-0.427485,68.7435,0,0,0,1]},{"sid":"joint22","invBindMatrrix":[0.592267,0.378638,0.711233,-23.6215,-0.131943,-0.825215,0.549191,83.4179,0.794865,-0.41911,-0.438789,65.6657,0,0,0,1]},{"sid":"joint23","invBindMatrrix":[0.972805,-0.123527,0.195937,37.7695,-0.194062,-0.896488,0.398309,68.1567,0.126453,-0.425501,-0.89608,51.4399,0,0,0,1]},{"sid":"joint24","invBindMatrrix":[0.995862,0.0171812,0.0892397,24.8416,0.00220287,-0.986241,0.165297,79.8504,0.0908518,-0.164416,-0.982198,28.4852,0,0,0,1]},{"sid":"joint25","invBindMatrrix":[0.948872,-0.262928,0.174672,44.2565,-0.27306,-0.961311,0.0363137,67.7984,0.158367,-0.082153,-0.983957,23.869,0,0,0,1]},{"sid":"joint26","invBindMatrrix":[0.958859,-0.195116,0.206203,38.9333,-0.215042,-0.973413,0.0788877,66.5502,0.185328,-0.119984,-0.975324,27.373,0,0,0,1]},{"sid":"joint27","invBindMatrrix":[0.958859,-0.195116,0.206203,39.2165,-0.215042,-0.973413,0.0788877,64.5831,0.185328,-0.119984,-0.975324,27.373,0,0,0,1]},{"sid":"joint28","invBindMatrrix":[0.978927,-0.0799646,0.187902,34.7805,-0.0886056,-0.99534,0.0380328,72.3782,0.183985,-0.0538805,-0.981451,26.3888,0,0,0,1]},{"sid":"joint29","invBindMatrrix":[0.979567,-0.0518883,0.194308,32.7329,0.00319322,-0.96201,-0.272995,73.5345,0.201091,0.268038,-0.942188,3.25486,0,0,0,1]},{"sid":"joint30","invBindMatrrix":[0.97982,-0.070172,0.187158,34.1273,0.016615,-0.904515,-0.426118,68.2128,0.199189,0.420629,-0.885096,-7.992,0,0,0,1]},{"sid":"joint31","invBindMatrrix":[0.97982,-0.070172,0.187158,34.038,0.016615,-0.904515,-0.426118,64.5952,0.199189,0.420629,-0.885096,-7.992,0,0,0,1]},{"sid":"joint32","invBindMatrrix":[-0.993604,-0.00200677,0.112903,9.38639,0.0442324,-0.926859,0.372794,68.1953,0.103897,0.375403,0.92102,-29.1844,0,0,0,1]},{"sid":"joint33","invBindMatrrix":[-0.974611,-0.0866263,0.206469,11.3688,-0.0595304,-0.788686,-0.611908,41.4243,0.215846,-0.608663,0.763505,12.1525,0,0,0,1]},{"sid":"joint34","invBindMatrrix":[-0.930183,-0.270511,0.248159,14.8274,0.341612,-0.885344,0.315385,15.7014,0.134391,0.37814,0.915942,-7.06777,0,0,0,1]},{"sid":"joint35","invBindMatrrix":[-0.884555,-0.0245674,0.465788,12.5261,0.464921,-0.126856,0.876217,-11.0098,0.0375618,0.991617,0.123633,-3.67065,0,0,0,1]},{"sid":"joint36","invBindMatrrix":[-0.884555,-0.0245674,0.465788,12.5261,0.464921,-0.126856,0.876217,-18.475,0.0375618,0.991617,0.123633,-3.67065,0,0,0,1]},{"sid":"joint37","invBindMatrrix":[-0.982089,-0.0400697,-0.184106,-6.43277,0.00617879,-0.983448,0.181083,72.8932,-0.188315,0.176702,0.966082,-15.8071,0,0,0,1]},{"sid":"joint38","invBindMatrrix":[-0.947573,-0.109167,-0.300314,-2.55042,0.224594,-0.896059,-0.382931,39.945,-0.227295,-0.430304,0.873599,8.20297,0,0,0,1]},{"sid":"joint39","invBindMatrrix":[-0.915001,0.129518,-0.382098,-6.41012,-0.369594,-0.648863,0.665114,10.5927,-0.161785,0.749801,0.641579,-10.79,0,0,0,1]},{"sid":"joint40","invBindMatrrix":[-0.873869,-0.000707707,-0.486161,-4.47068,-0.486119,0.0146121,0.873771,-15.0149,0.00648545,0.999893,-0.0131131,-2.4209,0,0,0,1]},{"sid":"joint41","invBindMatrrix":[-0.873869,-0.000707707,-0.486161,-4.47068,-0.486119,0.0146121,0.873771,-22.5043,0.00648545,0.999893,-0.0131131,-2.4209,0,0,0,1]}],"maxJoints":1,"attribStackNum":1,"ndx_0":{"type":"Float32Array","length":11708,"offset":0},"weight_0":{"type":"Float32Array","length":11708,"offset":11708},"infos":{"name":"Hape_001_beanie_part1_skin","type":"Skin","parent":"Hape_001_beanie_part1"}},{"name":"Hape_001_beanie_part1","type":"triangle","translate":[0,7.10543e-15,0],"scale":[1,1,1],"rotation":[0,0,0],"parent":null,"material":null,"skin":"Hape_001_beanie_part1_skin","vertices":{"type":"Float32Array","length":11427,"offset":23416},"normal":{"type":"Float32Array","length":11427,"offset":34843},"uvs":{"type":"Float32Array","length":7618,"offset":46270},"indices":{"type":"Uint32Array","length":15948,"offset":53888},"vertexIndex":{"type":"Uint32Array","length":3809,"offset":69836}},{"joints":[{"sid":"joint6","invBindMatrrix":[1,-1.43982e-16,2.91434e-16,-0.0757523,4.29344e-16,1,5.55112e-17,-143.352,-1.07553e-16,3.60822e-16,1,1.79968,0,0,0,1]},{"sid":"joint1","invBindMatrrix":[0.999999,-0.00062124,-0.00160749,0.24841,0.000522174,0.998143,-0.0609109,-80.0452,0.00164234,0.06091,0.998142,-5.57472,0,0,0,1]},{"sid":"joint2","invBindMatrrix":[0.999945,-0.00720813,0.00765316,0.855409,0.00782291,0.996469,-0.0836004,-90.7382,-0.00702354,0.0836556,0.99647,-6.78957,0,0,0,1]},{"sid":"joint3","invBindMatrrix":[0.999658,-0.0205822,0.0161251,2.25718,0.0213673,0.998514,-0.0501323,-103.558,-0.0150693,0.0504597,0.998612,-3.34654,0,0,0,1]},{"sid":"joint4","invBindMatrrix":[0.999129,-0.0338964,0.0243221,3.85084,0.0343188,0.999264,-0.0171659,-118.046,-0.0237224,0.0179857,0.999557,0.492337,0,0,0,1]},{"sid":"joint5","invBindMatrrix":[0.998081,-0.0607346,0.0120408,7.42216,0.0610798,0.997659,-0.030748,-134.183,-0.0101451,0.0314244,0.999455,-1.32412,0,0,0,1]},{"sid":"joint7","invBindMatrrix":[0.991972,-0.12553,-0.0152612,16.5881,0.11733,0.958676,-0.259179,-163.126,0.0471653,0.255308,0.965709,-41.8241,0,0,0,1]},{"sid":"joint8","invBindMatrrix":[-0.108302,0.01737,-0.993966,-4.72065,0.832531,-0.544835,-0.100233,65.9577,-0.543289,-0.838363,0.0445456,114.515,0,0,0,1]},{"sid":"joint9","invBindMatrrix":[0.443008,-0.0329117,-0.895913,-7.47171,0.400113,-0.887024,0.230431,105.207,-0.80228,-0.460549,-0.37979,69.7803,0,0,0,1]},{"sid":"joint10","invBindMatrrix":[0.576177,-0.53159,-0.620831,40.6693,0.0348742,-0.742908,0.668485,75.8154,-0.81658,-0.406817,-0.409508,64.5919,0,0,0,1]},{"sid":"joint11","invBindMatrrix":[0.928036,-0.271471,-0.255052,2.4449,-0.0885898,-0.825935,0.556761,66.8589,-0.361801,-0.494099,-0.790548,65.6701,0,0,0,1]},{"sid":"joint12","invBindMatrrix":[0.924591,-0.347715,-0.155648,10.3832,-0.283436,-0.900858,0.328813,77.7042,-0.25455,-0.259902,-0.93148,44.1106,0,0,0,1]},{"sid":"joint13","invBindMatrrix":[0.946297,-0.0262188,-0.322235,-12.8482,0.0309744,-0.984769,0.171088,76.2643,-0.321812,-0.171881,-0.931071,38.4314,0,0,0,1]},{"sid":"joint14","invBindMatrrix":[0.932908,-0.0844108,-0.350083,-7.38028,-0.00982281,-0.977743,0.209574,72.7351,-0.359982,-0.192074,-0.912974,40.512,0,0,0,1]},{"sid":"joint15","invBindMatrrix":[0.932908,-0.0844108,-0.350083,-7.77541,-0.00982281,-0.977743,0.209574,70.6814,-0.359982,-0.192074,-0.912974,40.512,0,0,0,1]},{"sid":"joint16","invBindMatrrix":[0.923534,-0.296555,-0.243188,4.25051,-0.220986,-0.929735,0.294547,71.5961,-0.31345,-0.218283,-0.924176,45.9169,0,0,0,1]},{"sid":"joint17","invBindMatrrix":[0.915715,-0.319914,-0.243149,6.12325,-0.346182,-0.935312,-0.0731389,79.2085,-0.204022,0.151148,-0.967228,17.0305,0,0,0,1]},{"sid":"joint18","invBindMatrrix":[0.921466,-0.305645,-0.239753,4.88077,-0.364709,-0.893191,-0.263054,76.8651,-0.133744,0.329835,-0.934517,2.18378,0,0,0,1]},{"sid":"joint19","invBindMatrrix":[0.921466,-0.305645,-0.239753,4.95616,-0.364709,-0.893191,-0.263054,73.132,-0.133744,0.329835,-0.934517,2.18378,0,0,0,1]},{"sid":"joint20","invBindMatrrix":[0.0780766,-0.00892963,0.996907,4.46172,-0.865118,-0.497558,0.0632983,61.4013,0.495454,-0.867385,-0.0465728,117.373,0,0,0,1]},{"sid":"joint21","invBindMatrrix":[0.412793,-0.136531,0.900534,25.7833,-0.464775,-0.881866,0.0793465,103.91,0.783317,-0.451299,-0.427485,68.7435,0,0,0,1]},{"sid":"joint22","invBindMatrrix":[0.592267,0.378638,0.711233,-23.6215,-0.131943,-0.825215,0.549191,83.4179,0.794865,-0.41911,-0.438789,65.6657,0,0,0,1]},{"sid":"joint23","invBindMatrrix":[0.972805,-0.123527,0.195937,37.7695,-0.194062,-0.896488,0.398309,68.1567,0.126453,-0.425501,-0.89608,51.4399,0,0,0,1]},{"sid":"joint24","invBindMatrrix":[0.995862,0.0171812,0.0892397,24.8416,0.00220287,-0.986241,0.165297,79.8504,0.0908518,-0.164416,-0.982198,28.4852,0,0,0,1]},{"sid":"joint25","invBindMatrrix":[0.948872,-0.262928,0.174672,44.2565,-0.27306,-0.961311,0.0363137,67.7984,0.158367,-0.082153,-0.983957,23.869,0,0,0,1]},{"sid":"joint26","invBindMatrrix":[0.958859,-0.195116,0.206203,38.9333,-0.215042,-0.973413,0.0788877,66.5502,0.185328,-0.119984,-0.975324,27.373,0,0,0,1]},{"sid":"joint27","invBindMatrrix":[0.958859,-0.195116,0.206203,39.2165,-0.215042,-0.973413,0.0788877,64.5831,0.185328,-0.119984,-0.975324,27.373,0,0,0,1]},{"sid":"joint28","invBindMatrrix":[0.978927,-0.0799646,0.187902,34.7805,-0.0886056,-0.99534,0.0380328,72.3782,0.183985,-0.0538805,-0.981451,26.3888,0,0,0,1]},{"sid":"joint29","invBindMatrrix":[0.979567,-0.0518883,0.194308,32.7329,0.00319322,-0.96201,-0.272995,73.5345,0.201091,0.268038,-0.942188,3.25486,0,0,0,1]},{"sid":"joint30","invBindMatrrix":[0.97982,-0.070172,0.187158,34.1273,0.016615,-0.904515,-0.426118,68.2128,0.199189,0.420629,-0.885096,-7.992,0,0,0,1]},{"sid":"joint31","invBindMatrrix":[0.97982,-0.070172,0.187158,34.038,0.016615,-0.904515,-0.426118,64.5952,0.199189,0.420629,-0.885096,-7.992,0,0,0,1]},{"sid":"joint32","invBindMatrrix":[-0.993604,-0.00200677,0.112903,9.38639,0.0442324,-0.926859,0.372794,68.1953,0.103897,0.375403,0.92102,-29.1844,0,0,0,1]},{"sid":"joint33","invBindMatrrix":[-0.974611,-0.0866263,0.206469,11.3688,-0.0595304,-0.788686,-0.611908,41.4243,0.215846,-0.608663,0.763505,12.1525,0,0,0,1]},{"sid":"joint34","invBindMatrrix":[-0.930183,-0.270511,0.248159,14.8274,0.341612,-0.885344,0.315385,15.7014,0.134391,0.37814,0.915942,-7.06777,0,0,0,1]},{"sid":"joint35","invBindMatrrix":[-0.884555,-0.0245674,0.465788,12.5261,0.464921,-0.126856,0.876217,-11.0098,0.0375618,0.991617,0.123633,-3.67065,0,0,0,1]},{"sid":"joint36","invBindMatrrix":[-0.884555,-0.0245674,0.465788,12.5261,0.464921,-0.126856,0.876217,-18.475,0.0375618,0.991617,0.123633,-3.67065,0,0,0,1]},{"sid":"joint37","invBindMatrrix":[-0.982089,-0.0400697,-0.184106,-6.43277,0.00617879,-0.983448,0.181083,72.8932,-0.188315,0.176702,0.966082,-15.8071,0,0,0,1]},{"sid":"joint38","invBindMatrrix":[-0.947573,-0.109167,-0.300314,-2.55042,0.224594,-0.896059,-0.382931,39.945,-0.227295,-0.430304,0.873599,8.20297,0,0,0,1]},{"sid":"joint39","invBindMatrrix":[-0.915001,0.129518,-0.382098,-6.41012,-0.369594,-0.648863,0.665114,10.5927,-0.161785,0.749801,0.641579,-10.79,0,0,0,1]},{"sid":"joint40","invBindMatrrix":[-0.873869,-0.000707707,-0.486161,-4.47068,-0.486119,0.0146121,0.873771,-15.0149,0.00648545,0.999893,-0.0131131,-2.4209,0,0,0,1]},{"sid":"joint41","invBindMatrrix":[-0.873869,-0.000707707,-0.486161,-4.47068,-0.486119,0.0146121,0.873771,-22.5043,0.00648545,0.999893,-0.0131131,-2.4209,0,0,0,1]}],"maxJoints":1,"attribStackNum":1,"ndx_0":{"type":"Float32Array","length":11144,"offset":73645},"weight_0":{"type":"Float32Array","length":11144,"offset":84789},"infos":{"name":"Hape_001_beanie_part2_skin","type":"Skin","parent":"Hape_001_beanie_part2"}},{"name":"Hape_001_beanie_part2","type":"triangle","translate":[0,7.10543e-15,0],"scale":[1,1,1],"rotation":[0,0,0],"parent":null,"material":null,"skin":"Hape_001_beanie_part2_skin","vertices":{"type":"Float32Array","length":10059,"offset":95933},"normal":{"type":"Float32Array","length":10059,"offset":105992},"uvs":{"type":"Float32Array","length":6706,"offset":116051},"indices":{"type":"Uint32Array","length":14811,"offset":122757},"vertexIndex":{"type":"Uint32Array","length":3353,"offset":137568}},{"joints":[{"sid":"joint6","invBindMatrrix":[1,-1.43982e-16,2.91434e-16,-0.0757523,4.29344e-16,1,5.55112e-17,-143.352,-1.07553e-16,3.60822e-16,1,1.79968,0,0,0,1]},{"sid":"joint1","invBindMatrrix":[0.999999,-0.00062124,-0.00160749,0.24841,0.000522174,0.998143,-0.0609109,-80.0452,0.00164234,0.06091,0.998142,-5.57472,0,0,0,1]},{"sid":"joint2","invBindMatrrix":[0.999945,-0.00720813,0.00765316,0.855409,0.00782291,0.996469,-0.0836004,-90.7382,-0.00702354,0.0836556,0.99647,-6.78957,0,0,0,1]},{"sid":"joint3","invBindMatrrix":[0.999658,-0.0205822,0.0161251,2.25718,0.0213673,0.998514,-0.0501323,-103.558,-0.0150693,0.0504597,0.998612,-3.34654,0,0,0,1]},{"sid":"joint4","invBindMatrrix":[0.999129,-0.0338964,0.0243221,3.85084,0.0343188,0.999264,-0.0171659,-118.046,-0.0237224,0.0179857,0.999557,0.492337,0,0,0,1]},{"sid":"joint5","invBindMatrrix":[0.998081,-0.0607346,0.0120408,7.42216,0.0610798,0.997659,-0.030748,-134.183,-0.0101451,0.0314244,0.999455,-1.32412,0,0,0,1]},{"sid":"joint7","invBindMatrrix":[0.991972,-0.12553,-0.0152612,16.5881,0.11733,0.958676,-0.259179,-163.126,0.0471653,0.255308,0.965709,-41.8241,0,0,0,1]},{"sid":"joint8","invBindMatrrix":[-0.108302,0.01737,-0.993966,-4.72065,0.832531,-0.544835,-0.100233,65.9577,-0.543289,-0.838363,0.0445456,114.515,0,0,0,1]},{"sid":"joint9","invBindMatrrix":[0.443008,-0.0329117,-0.895913,-7.47171,0.400113,-0.887024,0.230431,105.207,-0.80228,-0.460549,-0.37979,69.7803,0,0,0,1]},{"sid":"joint10","invBindMatrrix":[0.576177,-0.53159,-0.620831,40.6693,0.0348742,-0.742908,0.668485,75.8154,-0.81658,-0.406817,-0.409508,64.5919,0,0,0,1]},{"sid":"joint11","invBindMatrrix":[0.928036,-0.271471,-0.255052,2.4449,-0.0885898,-0.825935,0.556761,66.8589,-0.361801,-0.494099,-0.790548,65.6701,0,0,0,1]},{"sid":"joint12","invBindMatrrix":[0.924591,-0.347715,-0.155648,10.3832,-0.283436,-0.900858,0.328813,77.7042,-0.25455,-0.259902,-0.93148,44.1106,0,0,0,1]},{"sid":"joint13","invBindMatrrix":[0.946297,-0.0262188,-0.322235,-12.8482,0.0309744,-0.984769,0.171088,76.2643,-0.321812,-0.171881,-0.931071,38.4314,0,0,0,1]},{"sid":"joint14","invBindMatrrix":[0.932908,-0.0844108,-0.350083,-7.38028,-0.00982281,-0.977743,0.209574,72.7351,-0.359982,-0.192074,-0.912974,40.512,0,0,0,1]},{"sid":"joint15","invBindMatrrix":[0.932908,-0.0844108,-0.350083,-7.77541,-0.00982281,-0.977743,0.209574,70.6814,-0.359982,-0.192074,-0.912974,40.512,0,0,0,1]},{"sid":"joint16","invBindMatrrix":[0.923534,-0.296555,-0.243188,4.25051,-0.220986,-0.929735,0.294547,71.5961,-0.31345,-0.218283,-0.924176,45.9169,0,0,0,1]},{"sid":"joint17","invBindMatrrix":[0.915715,-0.319914,-0.243149,6.12325,-0.346182,-0.935312,-0.0731389,79.2085,-0.204022,0.151148,-0.967228,17.0305,0,0,0,1]},{"sid":"joint18","invBindMatrrix":[0.921466,-0.305645,-0.239753,4.88077,-0.364709,-0.893191,-0.263054,76.8651,-0.133744,0.329835,-0.934517,2.18378,0,0,0,1]},{"sid":"joint19","invBindMatrrix":[0.921466,-0.305645,-0.239753,4.95616,-0.364709,-0.893191,-0.263054,73.132,-0.133744,0.329835,-0.934517,2.18378,0,0,0,1]},{"sid":"joint20","invBindMatrrix":[0.0780766,-0.00892963,0.996907,4.46172,-0.865118,-0.497558,0.0632983,61.4013,0.495454,-0.867385,-0.0465728,117.373,0,0,0,1]},{"sid":"joint21","invBindMatrrix":[0.412793,-0.136531,0.900534,25.7833,-0.464775,-0.881866,0.0793465,103.91,0.783317,-0.451299,-0.427485,68.7435,0,0,0,1]},{"sid":"joint22","invBindMatrrix":[0.592267,0.378638,0.711233,-23.6215,-0.131943,-0.825215,0.549191,83.4179,0.794865,-0.41911,-0.438789,65.6657,0,0,0,1]},{"sid":"joint23","invBindMatrrix":[0.972805,-0.123527,0.195937,37.7695,-0.194062,-0.896488,0.398309,68.1567,0.126453,-0.425501,-0.89608,51.4399,0,0,0,1]},{"sid":"joint24","invBindMatrrix":[0.995862,0.0171812,0.0892397,24.8416,0.00220287,-0.986241,0.165297,79.8504,0.0908518,-0.164416,-0.982198,28.4852,0,0,0,1]},{"sid":"joint25","invBindMatrrix":[0.948872,-0.262928,0.174672,44.2565,-0.27306,-0.961311,0.0363137,67.7984,0.158367,-0.082153,-0.983957,23.869,0,0,0,1]},{"sid":"joint26","invBindMatrrix":[0.958859,-0.195116,0.206203,38.9333,-0.215042,-0.973413,0.0788877,66.5502,0.185328,-0.119984,-0.975324,27.373,0,0,0,1]},{"sid":"joint27","invBindMatrrix":[0.958859,-0.195116,0.206203,39.2165,-0.215042,-0.973413,0.0788877,64.5831,0.185328,-0.119984,-0.975324,27.373,0,0,0,1]},{"sid":"joint28","invBindMatrrix":[0.978927,-0.0799646,0.187902,34.7805,-0.0886056,-0.99534,0.0380328,72.3782,0.183985,-0.0538805,-0.981451,26.3888,0,0,0,1]},{"sid":"joint29","invBindMatrrix":[0.979567,-0.0518883,0.194308,32.7329,0.00319322,-0.96201,-0.272995,73.5345,0.201091,0.268038,-0.942188,3.25486,0,0,0,1]},{"sid":"joint30","invBindMatrrix":[0.97982,-0.070172,0.187158,34.1273,0.016615,-0.904515,-0.426118,68.2128,0.199189,0.420629,-0.885096,-7.992,0,0,0,1]},{"sid":"joint31","invBindMatrrix":[0.97982,-0.070172,0.187158,34.038,0.016615,-0.904515,-0.426118,64.5952,0.199189,0.420629,-0.885096,-7.992,0,0,0,1]},{"sid":"joint32","invBindMatrrix":[-0.993604,-0.00200677,0.112903,9.38639,0.0442324,-0.926859,0.372794,68.1953,0.103897,0.375403,0.92102,-29.1844,0,0,0,1]},{"sid":"joint33","invBindMatrrix":[-0.974611,-0.0866263,0.206469,11.3688,-0.0595304,-0.788686,-0.611908,41.4243,0.215846,-0.608663,0.763505,12.1525,0,0,0,1]},{"sid":"joint34","invBindMatrrix":[-0.930183,-0.270511,0.248159,14.8274,0.341612,-0.885344,0.315385,15.7014,0.134391,0.37814,0.915942,-7.06777,0,0,0,1]},{"sid":"joint35","invBindMatrrix":[-0.884555,-0.0245674,0.465788,12.5261,0.464921,-0.126856,0.876217,-11.0098,0.0375618,0.991617,0.123633,-3.67065,0,0,0,1]},{"sid":"joint36","invBindMatrrix":[-0.884555,-0.0245674,0.465788,12.5261,0.464921,-0.126856,0.876217,-18.475,0.0375618,0.991617,0.123633,-3.67065,0,0,0,1]},{"sid":"joint37","invBindMatrrix":[-0.982089,-0.0400697,-0.184106,-6.43277,0.00617879,-0.983448,0.181083,72.8932,-0.188315,0.176702,0.966082,-15.8071,0,0,0,1]},{"sid":"joint38","invBindMatrrix":[-0.947573,-0.109167,-0.300314,-2.55042,0.224594,-0.896059,-0.382931,39.945,-0.227295,-0.430304,0.873599,8.20297,0,0,0,1]},{"sid":"joint39","invBindMatrrix":[-0.915001,0.129518,-0.382098,-6.41012,-0.369594,-0.648863,0.665114,10.5927,-0.161785,0.749801,0.641579,-10.79,0,0,0,1]},{"sid":"joint40","invBindMatrrix":[-0.873869,-0.000707707,-0.486161,-4.47068,-0.486119,0.0146121,0.873771,-15.0149,0.00648545,0.999893,-0.0131131,-2.4209,0,0,0,1]},{"sid":"joint41","invBindMatrrix":[-0.873869,-0.000707707,-0.486161,-4.47068,-0.486119,0.0146121,0.873771,-22.5043,0.00648545,0.999893,-0.0131131,-2.4209,0,0,0,1]}],"maxJoints":1,"attribStackNum":1,"ndx_0":{"type":"Float32Array","length":2656,"offset":140921},"weight_0":{"type":"Float32Array","length":2656,"offset":143577},"infos":{"name":"Hape_001_gold_piercing_glass_skin","type":"Skin","parent":"Hape_001_gold_piercing_glass"}},{"name":"Hape_001_gold_piercing_glass","type":"triangle","translate":[0,7.10543e-15,0],"scale":[1,1,1],"rotation":[0,0,0],"parent":null,"material":null,"skin":"Hape_001_gold_piercing_glass_skin","vertices":{"type":"Float32Array","length":4086,"offset":146233},"normal":{"type":"Float32Array","length":4086,"offset":150319},"uvs":{"type":"Float32Array","length":2724,"offset":154405},"indices":{"type":"Uint32Array","length":3960,"offset":157129},"vertexIndex":{"type":"Uint32Array","length":1362,"offset":161089}},{"joints":[{"sid":"joint6","invBindMatrrix":[1,-1.43982e-16,2.91434e-16,-0.0757523,4.29344e-16,1,5.55112e-17,-143.352,-1.07553e-16,3.60822e-16,1,1.79968,0,0,0,1]},{"sid":"joint1","invBindMatrrix":[0.999999,-0.00062124,-0.00160749,0.24841,0.000522174,0.998143,-0.0609109,-80.0452,0.00164234,0.06091,0.998142,-5.57472,0,0,0,1]},{"sid":"joint2","invBindMatrrix":[0.999945,-0.00720813,0.00765316,0.855409,0.00782291,0.996469,-0.0836004,-90.7382,-0.00702354,0.0836556,0.99647,-6.78957,0,0,0,1]},{"sid":"joint3","invBindMatrrix":[0.999658,-0.0205822,0.0161251,2.25718,0.0213673,0.998514,-0.0501323,-103.558,-0.0150693,0.0504597,0.998612,-3.34654,0,0,0,1]},{"sid":"joint4","invBindMatrrix":[0.999129,-0.0338964,0.0243221,3.85084,0.0343188,0.999264,-0.0171659,-118.046,-0.0237224,0.0179857,0.999557,0.492337,0,0,0,1]},{"sid":"joint5","invBindMatrrix":[0.998081,-0.0607346,0.0120408,7.42216,0.0610798,0.997659,-0.030748,-134.183,-0.0101451,0.0314244,0.999455,-1.32412,0,0,0,1]},{"sid":"joint7","invBindMatrrix":[0.991972,-0.12553,-0.0152612,16.5881,0.11733,0.958676,-0.259179,-163.126,0.0471653,0.255308,0.965709,-41.8241,0,0,0,1]},{"sid":"joint8","invBindMatrrix":[-0.108302,0.01737,-0.993966,-4.72065,0.832531,-0.544835,-0.100233,65.9577,-0.543289,-0.838363,0.0445456,114.515,0,0,0,1]},{"sid":"joint9","invBindMatrrix":[0.443008,-0.0329117,-0.895913,-7.47171,0.400113,-0.887024,0.230431,105.207,-0.80228,-0.460549,-0.37979,69.7803,0,0,0,1]},{"sid":"joint10","invBindMatrrix":[0.576177,-0.53159,-0.620831,40.6693,0.0348742,-0.742908,0.668485,75.8154,-0.81658,-0.406817,-0.409508,64.5919,0,0,0,1]},{"sid":"joint11","invBindMatrrix":[0.928036,-0.271471,-0.255052,2.4449,-0.0885898,-0.825935,0.556761,66.8589,-0.361801,-0.494099,-0.790548,65.6701,0,0,0,1]},{"sid":"joint12","invBindMatrrix":[0.924591,-0.347715,-0.155648,10.3832,-0.283436,-0.900858,0.328813,77.7042,-0.25455,-0.259902,-0.93148,44.1106,0,0,0,1]},{"sid":"joint13","invBindMatrrix":[0.946297,-0.0262188,-0.322235,-12.8482,0.0309744,-0.984769,0.171088,76.2643,-0.321812,-0.171881,-0.931071,38.4314,0,0,0,1]},{"sid":"joint14","invBindMatrrix":[0.932908,-0.0844108,-0.350083,-7.38028,-0.00982281,-0.977743,0.209574,72.7351,-0.359982,-0.192074,-0.912974,40.512,0,0,0,1]},{"sid":"joint15","invBindMatrrix":[0.932908,-0.0844108,-0.350083,-7.77541,-0.00982281,-0.977743,0.209574,70.6814,-0.359982,-0.192074,-0.912974,40.512,0,0,0,1]},{"sid":"joint16","invBindMatrrix":[0.923534,-0.296555,-0.243188,4.25051,-0.220986,-0.929735,0.294547,71.5961,-0.31345,-0.218283,-0.924176,45.9169,0,0,0,1]},{"sid":"joint17","invBindMatrrix":[0.915715,-0.319914,-0.243149,6.12325,-0.346182,-0.935312,-0.0731389,79.2085,-0.204022,0.151148,-0.967228,17.0305,0,0,0,1]},{"sid":"joint18","invBindMatrrix":[0.921466,-0.305645,-0.239753,4.88077,-0.364709,-0.893191,-0.263054,76.8651,-0.133744,0.329835,-0.934517,2.18378,0,0,0,1]},{"sid":"joint19","invBindMatrrix":[0.921466,-0.305645,-0.239753,4.95616,-0.364709,-0.893191,-0.263054,73.132,-0.133744,0.329835,-0.934517,2.18378,0,0,0,1]},{"sid":"joint20","invBindMatrrix":[0.0780766,-0.00892963,0.996907,4.46172,-0.865118,-0.497558,0.0632983,61.4013,0.495454,-0.867385,-0.0465728,117.373,0,0,0,1]},{"sid":"joint21","invBindMatrrix":[0.412793,-0.136531,0.900534,25.7833,-0.464775,-0.881866,0.0793465,103.91,0.783317,-0.451299,-0.427485,68.7435,0,0,0,1]},{"sid":"joint22","invBindMatrrix":[0.592267,0.378638,0.711233,-23.6215,-0.131943,-0.825215,0.549191,83.4179,0.794865,-0.41911,-0.438789,65.6657,0,0,0,1]},{"sid":"joint23","invBindMatrrix":[0.972805,-0.123527,0.195937,37.7695,-0.194062,-0.896488,0.398309,68.1567,0.126453,-0.425501,-0.89608,51.4399,0,0,0,1]},{"sid":"joint24","invBindMatrrix":[0.995862,0.0171812,0.0892397,24.8416,0.00220287,-0.986241,0.165297,79.8504,0.0908518,-0.164416,-0.982198,28.4852,0,0,0,1]},{"sid":"joint25","invBindMatrrix":[0.948872,-0.262928,0.174672,44.2565,-0.27306,-0.961311,0.0363137,67.7984,0.158367,-0.082153,-0.983957,23.869,0,0,0,1]},{"sid":"joint26","invBindMatrrix":[0.958859,-0.195116,0.206203,38.9333,-0.215042,-0.973413,0.0788877,66.5502,0.185328,-0.119984,-0.975324,27.373,0,0,0,1]},{"sid":"joint27","invBindMatrrix":[0.958859,-0.195116,0.206203,39.2165,-0.215042,-0.973413,0.0788877,64.5831,0.185328,-0.119984,-0.975324,27.373,0,0,0,1]},{"sid":"joint28","invBindMatrrix":[0.978927,-0.0799646,0.187902,34.7805,-0.0886056,-0.99534,0.0380328,72.3782,0.183985,-0.0538805,-0.981451,26.3888,0,0,0,1]},{"sid":"joint29","invBindMatrrix":[0.979567,-0.0518883,0.194308,32.7329,0.00319322,-0.96201,-0.272995,73.5345,0.201091,0.268038,-0.942188,3.25486,0,0,0,1]},{"sid":"joint30","invBindMatrrix":[0.97982,-0.070172,0.187158,34.1273,0.016615,-0.904515,-0.426118,68.2128,0.199189,0.420629,-0.885096,-7.992,0,0,0,1]},{"sid":"joint31","invBindMatrrix":[0.97982,-0.070172,0.187158,34.038,0.016615,-0.904515,-0.426118,64.5952,0.199189,0.420629,-0.885096,-7.992,0,0,0,1]},{"sid":"joint32","invBindMatrrix":[-0.993604,-0.00200677,0.112903,9.38639,0.0442324,-0.926859,0.372794,68.1953,0.103897,0.375403,0.92102,-29.1844,0,0,0,1]},{"sid":"joint33","invBindMatrrix":[-0.974611,-0.0866263,0.206469,11.3688,-0.0595304,-0.788686,-0.611908,41.4243,0.215846,-0.608663,0.763505,12.1525,0,0,0,1]},{"sid":"joint34","invBindMatrrix":[-0.930183,-0.270511,0.248159,14.8274,0.341612,-0.885344,0.315385,15.7014,0.134391,0.37814,0.915942,-7.06777,0,0,0,1]},{"sid":"joint35","invBindMatrrix":[-0.884555,-0.0245674,0.465788,12.5261,0.464921,-0.126856,0.876217,-11.0098,0.0375618,0.991617,0.123633,-3.67065,0,0,0,1]},{"sid":"joint36","invBindMatrrix":[-0.884555,-0.0245674,0.465788,12.5261,0.464921,-0.126856,0.876217,-18.475,0.0375618,0.991617,0.123633,-3.67065,0,0,0,1]},{"sid":"joint37","invBindMatrrix":[-0.982089,-0.0400697,-0.184106,-6.43277,0.00617879,-0.983448,0.181083,72.8932,-0.188315,0.176702,0.966082,-15.8071,0,0,0,1]},{"sid":"joint38","invBindMatrrix":[-0.947573,-0.109167,-0.300314,-2.55042,0.224594,-0.896059,-0.382931,39.945,-0.227295,-0.430304,0.873599,8.20297,0,0,0,1]},{"sid":"joint39","invBindMatrrix":[-0.915001,0.129518,-0.382098,-6.41012,-0.369594,-0.648863,0.665114,10.5927,-0.161785,0.749801,0.641579,-10.79,0,0,0,1]},{"sid":"joint40","invBindMatrrix":[-0.873869,-0.000707707,-0.486161,-4.47068,-0.486119,0.0146121,0.873771,-15.0149,0.00648545,0.999893,-0.0131131,-2.4209,0,0,0,1]},{"sid":"joint41","invBindMatrrix":[-0.873869,-0.000707707,-0.486161,-4.47068,-0.486119,0.0146121,0.873771,-22.5043,0.00648545,0.999893,-0.0131131,-2.4209,0,0,0,1]}],"maxJoints":1,"attribStackNum":1,"ndx_0":{"type":"Float32Array","length":1528,"offset":162451},"weight_0":{"type":"Float32Array","length":1528,"offset":163979},"infos":{"name":"Hape_001_eye_r_skin","type":"Skin","parent":"Hape_001_eye_r"}},{"name":"Hape_001_eye_r","type":"triangle","translate":[0,7.10543e-15,0],"scale":[1,1,1],"rotation":[0,0,0],"parent":null,"material":null,"skin":"Hape_001_eye_r_skin","vertices":{"type":"Float32Array","length":1206,"offset":165507},"normal":{"type":"Float32Array","length":1206,"offset":166713},"uvs":{"type":"Float32Array","length":804,"offset":167919},"indices":{"type":"Uint32Array","length":2280,"offset":168723},"vertexIndex":{"type":"Uint32Array","length":402,"offset":171003}},{"joints":[{"sid":"joint6","invBindMatrrix":[1,-1.43982e-16,2.91434e-16,-0.0757523,4.29344e-16,1,5.55112e-17,-143.352,-1.07553e-16,3.60822e-16,1,1.79968,0,0,0,1]},{"sid":"joint1","invBindMatrrix":[0.999999,-0.00062124,-0.00160749,0.24841,0.000522174,0.998143,-0.0609109,-80.0452,0.00164234,0.06091,0.998142,-5.57472,0,0,0,1]},{"sid":"joint2","invBindMatrrix":[0.999945,-0.00720813,0.00765316,0.855409,0.00782291,0.996469,-0.0836004,-90.7382,-0.00702354,0.0836556,0.99647,-6.78957,0,0,0,1]},{"sid":"joint3","invBindMatrrix":[0.999658,-0.0205822,0.0161251,2.25718,0.0213673,0.998514,-0.0501323,-103.558,-0.0150693,0.0504597,0.998612,-3.34654,0,0,0,1]},{"sid":"joint4","invBindMatrrix":[0.999129,-0.0338964,0.0243221,3.85084,0.0343188,0.999264,-0.0171659,-118.046,-0.0237224,0.0179857,0.999557,0.492337,0,0,0,1]},{"sid":"joint5","invBindMatrrix":[0.998081,-0.0607346,0.0120408,7.42216,0.0610798,0.997659,-0.030748,-134.183,-0.0101451,0.0314244,0.999455,-1.32412,0,0,0,1]},{"sid":"joint7","invBindMatrrix":[0.991972,-0.12553,-0.0152612,16.5881,0.11733,0.958676,-0.259179,-163.126,0.0471653,0.255308,0.965709,-41.8241,0,0,0,1]},{"sid":"joint8","invBindMatrrix":[-0.108302,0.01737,-0.993966,-4.72065,0.832531,-0.544835,-0.100233,65.9577,-0.543289,-0.838363,0.0445456,114.515,0,0,0,1]},{"sid":"joint9","invBindMatrrix":[0.443008,-0.0329117,-0.895913,-7.47171,0.400113,-0.887024,0.230431,105.207,-0.80228,-0.460549,-0.37979,69.7803,0,0,0,1]},{"sid":"joint10","invBindMatrrix":[0.576177,-0.53159,-0.620831,40.6693,0.0348742,-0.742908,0.668485,75.8154,-0.81658,-0.406817,-0.409508,64.5919,0,0,0,1]},{"sid":"joint11","invBindMatrrix":[0.928036,-0.271471,-0.255052,2.4449,-0.0885898,-0.825935,0.556761,66.8589,-0.361801,-0.494099,-0.790548,65.6701,0,0,0,1]},{"sid":"joint12","invBindMatrrix":[0.924591,-0.347715,-0.155648,10.3832,-0.283436,-0.900858,0.328813,77.7042,-0.25455,-0.259902,-0.93148,44.1106,0,0,0,1]},{"sid":"joint13","invBindMatrrix":[0.946297,-0.0262188,-0.322235,-12.8482,0.0309744,-0.984769,0.171088,76.2643,-0.321812,-0.171881,-0.931071,38.4314,0,0,0,1]},{"sid":"joint14","invBindMatrrix":[0.932908,-0.0844108,-0.350083,-7.38028,-0.00982281,-0.977743,0.209574,72.7351,-0.359982,-0.192074,-0.912974,40.512,0,0,0,1]},{"sid":"joint15","invBindMatrrix":[0.932908,-0.0844108,-0.350083,-7.77541,-0.00982281,-0.977743,0.209574,70.6814,-0.359982,-0.192074,-0.912974,40.512,0,0,0,1]},{"sid":"joint16","invBindMatrrix":[0.923534,-0.296555,-0.243188,4.25051,-0.220986,-0.929735,0.294547,71.5961,-0.31345,-0.218283,-0.924176,45.9169,0,0,0,1]},{"sid":"joint17","invBindMatrrix":[0.915715,-0.319914,-0.243149,6.12325,-0.346182,-0.935312,-0.0731389,79.2085,-0.204022,0.151148,-0.967228,17.0305,0,0,0,1]},{"sid":"joint18","invBindMatrrix":[0.921466,-0.305645,-0.239753,4.88077,-0.364709,-0.893191,-0.263054,76.8651,-0.133744,0.329835,-0.934517,2.18378,0,0,0,1]},{"sid":"joint19","invBindMatrrix":[0.921466,-0.305645,-0.239753,4.95616,-0.364709,-0.893191,-0.263054,73.132,-0.133744,0.329835,-0.934517,2.18378,0,0,0,1]},{"sid":"joint20","invBindMatrrix":[0.0780766,-0.00892963,0.996907,4.46172,-0.865118,-0.497558,0.0632983,61.4013,0.495454,-0.867385,-0.0465728,117.373,0,0,0,1]},{"sid":"joint21","invBindMatrrix":[0.412793,-0.136531,0.900534,25.7833,-0.464775,-0.881866,0.0793465,103.91,0.783317,-0.451299,-0.427485,68.7435,0,0,0,1]},{"sid":"joint22","invBindMatrrix":[0.592267,0.378638,0.711233,-23.6215,-0.131943,-0.825215,0.549191,83.4179,0.794865,-0.41911,-0.438789,65.6657,0,0,0,1]},{"sid":"joint23","invBindMatrrix":[0.972805,-0.123527,0.195937,37.7695,-0.194062,-0.896488,0.398309,68.1567,0.126453,-0.425501,-0.89608,51.4399,0,0,0,1]},{"sid":"joint24","invBindMatrrix":[0.995862,0.0171812,0.0892397,24.8416,0.00220287,-0.986241,0.165297,79.8504,0.0908518,-0.164416,-0.982198,28.4852,0,0,0,1]},{"sid":"joint25","invBindMatrrix":[0.948872,-0.262928,0.174672,44.2565,-0.27306,-0.961311,0.0363137,67.7984,0.158367,-0.082153,-0.983957,23.869,0,0,0,1]},{"sid":"joint26","invBindMatrrix":[0.958859,-0.195116,0.206203,38.9333,-0.215042,-0.973413,0.0788877,66.5502,0.185328,-0.119984,-0.975324,27.373,0,0,0,1]},{"sid":"joint27","invBindMatrrix":[0.958859,-0.195116,0.206203,39.2165,-0.215042,-0.973413,0.0788877,64.5831,0.185328,-0.119984,-0.975324,27.373,0,0,0,1]},{"sid":"joint28","invBindMatrrix":[0.978927,-0.0799646,0.187902,34.7805,-0.0886056,-0.99534,0.0380328,72.3782,0.183985,-0.0538805,-0.981451,26.3888,0,0,0,1]},{"sid":"joint29","invBindMatrrix":[0.979567,-0.0518883,0.194308,32.7329,0.00319322,-0.96201,-0.272995,73.5345,0.201091,0.268038,-0.942188,3.25486,0,0,0,1]},{"sid":"joint30","invBindMatrrix":[0.97982,-0.070172,0.187158,34.1273,0.016615,-0.904515,-0.426118,68.2128,0.199189,0.420629,-0.885096,-7.992,0,0,0,1]},{"sid":"joint31","invBindMatrrix":[0.97982,-0.070172,0.187158,34.038,0.016615,-0.904515,-0.426118,64.5952,0.199189,0.420629,-0.885096,-7.992,0,0,0,1]},{"sid":"joint32","invBindMatrrix":[-0.993604,-0.00200677,0.112903,9.38639,0.0442324,-0.926859,0.372794,68.1953,0.103897,0.375403,0.92102,-29.1844,0,0,0,1]},{"sid":"joint33","invBindMatrrix":[-0.974611,-0.0866263,0.206469,11.3688,-0.0595304,-0.788686,-0.611908,41.4243,0.215846,-0.608663,0.763505,12.1525,0,0,0,1]},{"sid":"joint34","invBindMatrrix":[-0.930183,-0.270511,0.248159,14.8274,0.341612,-0.885344,0.315385,15.7014,0.134391,0.37814,0.915942,-7.06777,0,0,0,1]},{"sid":"joint35","invBindMatrrix":[-0.884555,-0.0245674,0.465788,12.5261,0.464921,-0.126856,0.876217,-11.0098,0.0375618,0.991617,0.123633,-3.67065,0,0,0,1]},{"sid":"joint36","invBindMatrrix":[-0.884555,-0.0245674,0.465788,12.5261,0.464921,-0.126856,0.876217,-18.475,0.0375618,0.991617,0.123633,-3.67065,0,0,0,1]},{"sid":"joint37","invBindMatrrix":[-0.982089,-0.0400697,-0.184106,-6.43277,0.00617879,-0.983448,0.181083,72.8932,-0.188315,0.176702,0.966082,-15.8071,0,0,0,1]},{"sid":"joint38","invBindMatrrix":[-0.947573,-0.109167,-0.300314,-2.55042,0.224594,-0.896059,-0.382931,39.945,-0.227295,-0.430304,0.873599,8.20297,0,0,0,1]},{"sid":"joint39","invBindMatrrix":[-0.915001,0.129518,-0.382098,-6.41012,-0.369594,-0.648863,0.665114,10.5927,-0.161785,0.749801,0.641579,-10.79,0,0,0,1]},{"sid":"joint40","invBindMatrrix":[-0.873869,-0.000707707,-0.486161,-4.47068,-0.486119,0.0146121,0.873771,-15.0149,0.00648545,0.999893,-0.0131131,-2.4209,0,0,0,1]},{"sid":"joint41","invBindMatrrix":[-0.873869,-0.000707707,-0.486161,-4.47068,-0.486119,0.0146121,0.873771,-22.5043,0.00648545,0.999893,-0.0131131,-2.4209,0,0,0,1]}],"maxJoints":1,"attribStackNum":1,"ndx_0":{"type":"Float32Array","length":1528,"offset":171405},"weight_0":{"type":"Float32Array","length":1528,"offset":172933},"infos":{"name":"Hape_001_eye_l_skin","type":"Skin","parent":"Hape_001_eye_l"}},{"name":"Hape_001_eye_l","type":"triangle","translate":[0,7.10543e-15,0],"scale":[1,1,1],"rotation":[0,0,0],"parent":null,"material":null,"skin":"Hape_001_eye_l_skin","vertices":{"type":"Float32Array","length":1206,"offset":174461},"normal":{"type":"Float32Array","length":1206,"offset":175667},"uvs":{"type":"Float32Array","length":804,"offset":176873},"indices":{"type":"Uint32Array","length":2280,"offset":177677},"vertexIndex":{"type":"Uint32Array","length":402,"offset":179957}},{"joints":[{"sid":"joint33","invBindMatrrix":[-0.992056,-0.125708,-0.00471869,20.4036,0.125793,-0.991067,-0.0443057,38.1235,0.000893037,-0.0445473,0.999007,3.15314,0,0,0,1]},{"sid":"joint34","invBindMatrrix":[-0.986499,-0.129684,0.100009,20.6217,0.160555,-0.645491,0.746701,8.40693,-0.0322804,0.752677,0.657598,-8.85858,0,0,0,1]},{"sid":"joint35","invBindMatrrix":[-0.977007,0.00358617,0.213175,18.7605,0.213205,0.0146409,0.976898,-17.1115,0.00038224,0.999886,-0.0150689,-1.43733,0,0,0,1]},{"sid":"joint1","invBindMatrrix":[0.999999,-0.00062124,-0.00160749,0.24841,0.000522174,0.998143,-0.0609109,-80.0452,0.00164234,0.06091,0.998142,-5.57472,0,0,0,1]},{"sid":"joint2","invBindMatrrix":[0.999945,-0.00720813,0.00765316,0.855409,0.00782291,0.996469,-0.0836004,-90.7382,-0.00702354,0.0836556,0.99647,-6.78957,0,0,0,1]},{"sid":"joint3","invBindMatrrix":[0.999658,-0.0205822,0.0161251,2.25718,0.0213673,0.998514,-0.0501323,-103.558,-0.0150693,0.0504597,0.998612,-3.34654,0,0,0,1]},{"sid":"joint4","invBindMatrrix":[0.999129,-0.0338964,0.0243221,3.85084,0.0343188,0.999264,-0.0171659,-118.046,-0.0237224,0.0179857,0.999557,0.492337,0,0,0,1]},{"sid":"joint5","invBindMatrrix":[0.998081,-0.0607346,0.0120408,7.42216,0.0610798,0.997659,-0.030748,-134.183,-0.0101451,0.0314244,0.999455,-1.32412,0,0,0,1]},{"sid":"joint6","invBindMatrrix":[0.991972,-0.12553,-0.0152612,16.5881,0.11733,0.958676,-0.259179,-136.465,0.0471653,0.255308,0.965709,-35.0832,0,0,0,1]},{"sid":"joint7","invBindMatrrix":[0.991972,-0.12553,-0.0152612,16.5881,0.11733,0.958676,-0.259179,-163.126,0.0471653,0.255308,0.965709,-41.8241,0,0,0,1]},{"sid":"joint8","invBindMatrrix":[-0.108302,0.01737,-0.993966,-4.72065,0.832531,-0.544835,-0.100233,65.9577,-0.543289,-0.838363,0.0445456,114.515,0,0,0,1]},{"sid":"joint9","invBindMatrrix":[0.443008,-0.0329117,-0.895913,-7.47171,0.400113,-0.887024,0.230431,105.207,-0.80228,-0.460549,-0.37979,69.7803,0,0,0,1]},{"sid":"joint10","invBindMatrrix":[0.576177,-0.53159,-0.620831,40.6693,0.0348742,-0.742908,0.668485,75.8154,-0.81658,-0.406817,-0.409508,64.5919,0,0,0,1]},{"sid":"joint11","invBindMatrrix":[0.928036,-0.271471,-0.255052,2.4449,-0.0885898,-0.825935,0.556761,66.8589,-0.361801,-0.494099,-0.790548,65.6701,0,0,0,1]},{"sid":"joint12","invBindMatrrix":[0.924591,-0.347715,-0.155648,10.3832,-0.283436,-0.900858,0.328813,77.7042,-0.25455,-0.259902,-0.93148,44.1106,0,0,0,1]},{"sid":"joint13","invBindMatrrix":[0.946297,-0.0262188,-0.322235,-12.8482,0.0309744,-0.984769,0.171088,76.2643,-0.321812,-0.171881,-0.931071,38.4314,0,0,0,1]},{"sid":"joint14","invBindMatrrix":[0.932908,-0.0844108,-0.350083,-7.38028,-0.00982281,-0.977743,0.209574,72.7351,-0.359982,-0.192074,-0.912974,40.512,0,0,0,1]},{"sid":"joint15","invBindMatrrix":[0.932908,-0.0844108,-0.350083,-7.77541,-0.00982281,-0.977743,0.209574,70.6814,-0.359982,-0.192074,-0.912974,40.512,0,0,0,1]},{"sid":"joint16","invBindMatrrix":[0.923534,-0.296555,-0.243188,4.25051,-0.220986,-0.929735,0.294547,71.5961,-0.31345,-0.218283,-0.924176,45.9169,0,0,0,1]},{"sid":"joint17","invBindMatrrix":[0.915715,-0.319914,-0.243149,6.12325,-0.346182,-0.935312,-0.0731389,79.2085,-0.204022,0.151148,-0.967228,17.0305,0,0,0,1]},{"sid":"joint18","invBindMatrrix":[0.921466,-0.305645,-0.239753,4.88077,-0.364709,-0.893191,-0.263054,76.8651,-0.133744,0.329835,-0.934517,2.18378,0,0,0,1]},{"sid":"joint19","invBindMatrrix":[0.921466,-0.305645,-0.239753,4.95616,-0.364709,-0.893191,-0.263054,73.132,-0.133744,0.329835,-0.934517,2.18378,0,0,0,1]},{"sid":"joint20","invBindMatrrix":[0.0780766,-0.00892963,0.996907,4.46172,-0.865118,-0.497558,0.0632983,61.4013,0.495454,-0.867385,-0.0465728,117.373,0,0,0,1]},{"sid":"joint21","invBindMatrrix":[0.412793,-0.136531,0.900534,25.7833,-0.464775,-0.881866,0.0793465,103.91,0.783317,-0.451299,-0.427485,68.7435,0,0,0,1]},{"sid":"joint22","invBindMatrrix":[0.592267,0.378638,0.711233,-23.6215,-0.131943,-0.825215,0.549191,83.4179,0.794865,-0.41911,-0.438789,65.665