{"type":"Mesh data","version":"0.0.1","bufferLength":2083611,"meshes":[{"joints":[{"sid":"joint6","invBindMatrrix":[1,8.16576e-17,5.51642e-16,0.000240326,-8.16576e-17,1,4.02456e-16,-143.103,-5.51642e-16,-4.85723e-16,1,1.38744,0,0,0,1]},{"sid":"joint5","invBindMatrrix":[1,8.16576e-17,8.30633e-16,0.000240326,-8.16576e-17,1,-1.38778e-15,-135.594,-8.30633e-16,1.30451e-15,1,3.83968,0,0,0,1]},{"sid":"joint4","invBindMatrrix":[1,-1.598e-19,-5.37691e-17,0.000240326,-4.79399e-18,0.995748,-0.0921182,-118.211,5.35552e-17,0.0921182,0.995748,-8.66736,0,0,0,1]},{"sid":"joint20","invBindMatrrix":[-0.0423941,0.0899335,0.995045,-8.41005,-0.924767,-0.3805,-0.00500983,44.0589,0.378164,-0.920398,0.0992985,125.541,0,0,0,1]},{"sid":"joint39","invBindMatrrix":[-0.988568,0.110797,-0.102262,-20.0325,-0.145833,-0.530388,0.835117,4.76215,0.0382899,0.840483,0.540483,-10.3549,0,0,0,1]},{"sid":"joint38","invBindMatrrix":[-0.994028,0.109098,0.00261656,-20.0669,-0.109129,-0.993789,-0.021779,34.0389,0.000224255,-0.0219345,0.999759,0.727977,0,0,0,1]},{"sid":"joint40","invBindMatrrix":[-0.984391,-0.006275,-0.175886,-18.4115,-0.175966,0.0162756,0.984262,-21.7892,-0.00331359,0.999848,-0.0171258,-1.38822,0,0,0,1]},{"sid":"joint37","invBindMatrrix":[-0.978066,0.208234,0.00499417,-23.38,-0.208294,-0.977785,-0.0234507,68.9422,5.17356e-17,-0.0239766,0.999713,0.797923,0,0,0,1]},{"sid":"joint1","invBindMatrrix":[1,0,-5.20417e-17,0.000240326,0,1,0,-78.6367,5.20417e-17,0,1,-1.42956,0,0,0,1]},{"sid":"joint32","invBindMatrrix":[-0.978057,-0.208321,-0.00253565,23.3835,0.208336,-0.977985,-0.0119039,68.9455,8.65304e-17,-0.0121709,0.999926,-0.0528935,0,0,0,1]},{"sid":"joint33","invBindMatrrix":[-0.994026,-0.109133,-0.00132835,20.0681,0.109139,-0.993863,-0.0180288,34.0489,0.000647344,-0.0180661,0.999837,0.149062,0,0,0,1]},{"sid":"joint34","invBindMatrrix":[-0.987651,-0.110472,0.111091,19.9576,0.154229,-0.560911,0.813383,4.59093,-0.0275443,0.820472,0.571023,-10.5654,0,0,0,1]},{"sid":"joint35","invBindMatrrix":[-0.983823,-0.0112522,0.178787,18.5461,0.178594,0.0163447,0.983787,-20.8981,-0.013992,0.999803,-0.0140707,-1.07414,0,0,0,1]},{"sid":"joint21","invBindMatrrix":[-0.0159655,0.0256422,0.999544,0.349848,-0.986738,0.161098,-0.0198938,-41.1663,-0.161535,-0.986605,0.0227301,122.428,0,0,0,1]},{"sid":"joint8","invBindMatrrix":[-0.0316789,-0.0900988,-0.995429,8.42876,0.924767,-0.3805,0.00500987,44.0978,-0.379212,-0.920381,0.0953743,125.524,0,0,0,1]},{"sid":"joint9","invBindMatrrix":[-0.0043927,-0.0238387,-0.999706,-0.598012,0.9869,0.161125,-0.00817857,-41.1245,0.161272,-0.986646,0.0228186,122.434,0,0,0,1]},{"sid":"joint3","invBindMatrrix":[1,1.37437e-34,-5.20417e-17,0.000240326,-4.79399e-18,0.995748,-0.0921182,-102.958,5.18204e-17,0.0921182,0.995748,-8.66736,0,0,0,1]},{"sid":"joint10","invBindMatrrix":[0.00639386,-0.0220763,-0.999736,-1.28009,0.998316,-0.057496,0.00765442,-34.222,-0.0576498,-0.998102,0.0216715,133.089,0,0,0,1]},{"sid":"joint11","invBindMatrrix":[0.0515258,0.00386619,-0.998664,-7.59286,0.998016,0.0360413,0.0516318,-69.8822,0.0361928,-0.999343,-0.00200146,127.011,0,0,0,1]},{"sid":"joint16","invBindMatrrix":[0.0256069,0.0029295,-0.999668,-5.49831,0.997791,0.0612462,0.0257383,-83.9451,0.0613013,-0.998118,-0.00135471,124.944,0,0,0,1]},{"sid":"joint12","invBindMatrrix":[0.773397,0.0292781,-0.633245,-56.7029,0.633441,-0.0746081,0.770186,-33.6297,-0.0246957,-0.996783,-0.0762476,130.394,0,0,0,1]},{"sid":"joint13","invBindMatrrix":[0.773397,0.0292781,-0.633245,-56.5984,0.633906,-0.0287238,0.772876,-43.2948,0.00443909,-0.999159,-0.0407745,128.54,0,0,0,1]},{"sid":"joint14","invBindMatrrix":[0.773397,0.0292781,-0.633245,-56.4109,0.626691,0.115136,0.770715,-64.1661,0.0954742,-0.992918,0.0706973,120.572,0,0,0,1]},{"sid":"joint17","invBindMatrrix":[0.0256069,0.0029295,-0.999668,-5.54045,0.999019,-0.0362061,0.0254842,-75.6087,-0.0361194,-0.99934,-0.00385376,132.935,0,0,0,1]},{"sid":"joint18","invBindMatrrix":[0.0256069,0.0029295,-0.999668,-5.58546,0.998324,0.0518449,0.0257244,-90.8507,0.051903,-0.998651,-0.00159701,125.429,0,0,0,1]},{"sid":"joint22","invBindMatrrix":[0.0260882,0.0187554,0.999484,3.01041,-0.997978,-0.0574764,0.0271275,-34.122,0.0579555,-0.998171,0.017218,133.101,0,0,0,1]},{"sid":"joint23","invBindMatrrix":[0.0562575,-0.0279435,0.998025,11.0286,-0.997556,0.0399254,0.0573489,-70.3335,-0.0414491,-0.998812,-0.0256291,126.51,0,0,0,1]},{"sid":"joint28","invBindMatrrix":[0.00338421,-0.0257914,0.999662,6.71822,-0.998469,0.0551025,0.00480183,-83.3574,-0.0552077,-0.998148,-0.0255654,125.374,0,0,0,1]},{"sid":"joint24","invBindMatrrix":[0.756736,-0.048132,0.651947,58.1283,-0.653654,-0.0700255,0.753547,-35.4504,0.00938313,-0.996383,-0.0844524,129.307,0,0,0,1]},{"sid":"joint25","invBindMatrrix":[0.756736,-0.048132,0.651947,58.0234,-0.653719,-0.0583273,0.754487,-40.5566,0.00171133,-0.997137,-0.0756031,128.84,0,0,0,1]},{"sid":"joint26","invBindMatrrix":[0.756736,-0.048132,0.651947,57.6083,-0.653645,-0.0404841,0.755718,-45.7757,-0.00998072,-0.99802,-0.062097,128.042,0,0,0,1]},{"sid":"joint29","invBindMatrrix":[0.00338421,-0.0257914,0.999662,6.74242,-0.999284,-0.0377668,0.00240855,-75.6151,0.0376919,-0.998954,-0.0259007,132.965,0,0,0,1]},{"sid":"joint30","invBindMatrrix":[0.00338421,-0.0257914,0.999662,6.7642,-0.999989,0.00305941,0.00346426,-84.7823,-0.00314772,-0.999663,-0.0257807,129.611,0,0,0,1]},{"sid":"joint2","invBindMatrrix":[0.985426,0.0335114,0.166771,-4.26318,-0.0204493,0.99663,-0.0794335,-85.9553,-0.168871,0.0748655,0.982791,-7.54619,0,0,0,1]},{"sid":"joint7","invBindMatrrix":[0.983526,-0.143789,0.109549,21.7161,0.170276,0.940384,-0.294422,-157.851,-0.0606834,0.308225,0.949376,-51.334,0,0,0,1]},{"sid":"joint15","invBindMatrrix":[0.771643,-0.541476,0.333724,30.0592,-0.621992,-0.7521,0.217879,59.9579,0.133018,-0.375699,-0.917146,60.0007,0,0,0,1]},{"sid":"joint19","invBindMatrrix":[0.941629,-0.269409,0.201874,4.35998,-0.227559,-0.951273,-0.208077,79.0072,0.248095,0.149993,-0.957053,22.4669,0,0,0,1]},{"sid":"joint27","invBindMatrrix":[0.432292,0.751977,0.497649,-46.7031,0.457424,-0.658473,0.597642,52.167,0.777101,-0.0307195,-0.628625,27.4931,0,0,0,1]},{"sid":"joint31","invBindMatrrix":[0.548861,0.113202,0.828213,5.77555,0.466916,-0.863334,-0.191425,64.4829,0.693355,0.491772,-0.526706,-6.12876,0,0,0,1]},{"sid":"joint36","invBindMatrrix":[-0.788815,-0.0544311,0.612216,25.6862,0.610333,-0.186959,0.769766,-3.55116,0.0725598,0.980859,0.180697,-0.842684,0,0,0,1]},{"sid":"joint41","invBindMatrrix":[-0.903892,-0.00705084,-0.427702,1.25845,-0.427749,0.021978,0.90363,-37.242,0.0030287,0.999734,-0.0228818,-2.10796,0,0,0,1]}],"maxJoints":6,"attribStackNum":2,"ndx_0":{"type":"Float32Array","length":44208,"offset":0},"weight_0":{"type":"Float32Array","length":44208,"offset":44208},"ndx_1":{"type":"Float32Array","length":44208,"offset":88416},"weight_1":{"type":"Float32Array","length":44208,"offset":132624},"infos":{"name":"Hape_002_Body_ALL_skin","type":"Skin","parent":"Hape_002_Body_ALL"}},{"name":"Hape_002_Body_ALL","type":"triangle","translate":[0,0,1.33227e-15],"scale":[1,1,1],"rotation":[6.11256191950462e-37,7.047307906995223e-19,0],"parent":null,"material":null,"skin":"Hape_002_Body_ALL_skin","vertices":{"type":"Float32Array","length":36762,"offset":176832},"normal":{"type":"Float32Array","length":36762,"offset":213594},"uvs":{"type":"Float32Array","length":24508,"offset":250356},"indices":{"type":"Uint32Array","length":65610,"offset":274864},"vertexIndex":{"type":"Uint32Array","length":12254,"offset":340474}},{"joints":[{"sid":"joint6","invBindMatrrix":[1,1.73472e-18,6.55725e-16,0.000240326,-8.84709e-17,1,7.21645e-16,-143.103,-6.69603e-16,-3.88578e-16,1,1.38744,0,0,0,1]},{"sid":"joint1","invBindMatrrix":[0.998091,-0.0210252,0.0580649,0.573802,0.0218591,0.999666,-0.0137639,-74.9608,-0.0577562,0.0150069,0.998218,-3.57979,0,0,0,1]},{"sid":"joint2","invBindMatrrix":[0.985426,0.0335114,0.166771,-4.26318,-0.0204493,0.99663,-0.0794335,-85.9553,-0.168871,0.0748655,0.982791,-7.54619,0,0,0,1]},{"sid":"joint3","invBindMatrrix":[0.964086,0.0558222,0.259658,-6.49013,-0.0377702,0.996543,-0.0740029,-99.2792,-0.262892,0.0615378,0.962861,-6.12873,0,0,0,1]},{"sid":"joint4","invBindMatrrix":[0.933491,0.08013,0.349533,-9.19279,-0.0578637,0.9956,-0.0737045,-114.418,-0.353901,0.0485772,0.934021,-4.6364,0,0,0,1]},{"sid":"joint5","invBindMatrrix":[0.951506,0.0516581,0.303262,-5.52317,-0.0240712,0.99528,-0.0940125,-131.557,-0.306687,0.0821536,0.948258,-9.00472,0,0,0,1]},{"sid":"joint7","invBindMatrrix":[0.983526,-0.143789,0.109549,21.7161,0.170276,0.940384,-0.294422,-157.851,-0.0606834,0.308225,0.949376,-51.334,0,0,0,1]},{"sid":"joint8","invBindMatrrix":[0.262168,-0.0337801,-0.964431,3.09178,0.835221,-0.49267,0.2443,58.8302,-0.483398,-0.869561,-0.100948,116.063,0,0,0,1]},{"sid":"joint9","invBindMatrrix":[0.844614,0.0447361,-0.533503,-19.0672,0.332588,-0.824736,0.457379,93.1944,-0.419538,-0.563745,-0.711463,79.7739,0,0,0,1]},{"sid":"joint10","invBindMatrrix":[0.82623,-0.561038,-0.0507983,38.4796,-0.377537,-0.618398,0.689239,65.2603,-0.418102,-0.550292,-0.722751,78.4772,0,0,0,1]},{"sid":"joint11","invBindMatrrix":[0.897158,-0.385692,0.21529,13.4381,-0.433872,-0.678063,0.593284,50.7487,-0.0828449,-0.625677,-0.77567,81.2888,0,0,0,1]},{"sid":"joint12","invBindMatrrix":[0.450589,-0.741744,0.496774,45.6074,-0.868999,-0.491885,0.0537641,52.9739,0.204476,-0.455922,-0.866213,64.9279,0,0,0,1]},{"sid":"joint13","invBindMatrrix":[0.793714,-0.486406,0.365276,24.3042,-0.578289,-0.789633,0.205089,68.1147,0.188678,-0.374017,-0.908026,59.1742,0,0,0,1]},{"sid":"joint14","invBindMatrrix":[0.771643,-0.541476,0.333724,30.3513,-0.621992,-0.7521,0.217879,61.9315,0.133018,-0.375699,-0.917146,60.0007,0,0,0,1]},{"sid":"joint15","invBindMatrrix":[0.771643,-0.541476,0.333724,30.0592,-0.621992,-0.7521,0.217879,59.9579,0.133018,-0.375699,-0.917146,60.0007,0,0,0,1]},{"sid":"joint16","invBindMatrrix":[0.908338,-0.366268,0.201915,12.1747,-0.415416,-0.846086,0.334019,63.2204,0.0484972,-0.387281,-0.920685,65.1609,0,0,0,1]},{"sid":"joint17","invBindMatrrix":[0.924965,-0.327831,0.192268,9.26733,-0.328094,-0.944123,-0.0313983,79.7048,0.191818,-0.0340398,-0.98084,37.8484,0,0,0,1]},{"sid":"joint18","invBindMatrrix":[0.941629,-0.269409,0.201874,4.27283,-0.227559,-0.951273,-0.208077,82.1437,0.248095,0.149993,-0.957053,22.4669,0,0,0,1]},{"sid":"joint19","invBindMatrrix":[0.941629,-0.269409,0.201874,4.35998,-0.227559,-0.951273,-0.208077,79.0072,0.248095,0.149993,-0.957053,22.4669,0,0,0,1]},{"sid":"joint20","invBindMatrrix":[-0.319811,0.0102355,0.947426,0.878071,-0.738195,-0.629538,-0.242382,74.7928,0.59396,-0.776902,0.208889,105.294,0,0,0,1]},{"sid":"joint21","invBindMatrrix":[-0.0101902,-0.0240452,0.999659,10.9898,-0.291193,-0.956312,-0.0259709,108.832,0.95661,-0.291358,0.00274321,52.0881,0,0,0,1]},{"sid":"joint22","invBindMatrrix":[0.119272,0.392113,0.912152,-27.9148,-0.256923,-0.875229,0.409836,84.1921,0.959044,-0.283235,-0.0036475,51.285,0,0,0,1]},{"sid":"joint23","invBindMatrrix":[0.528736,0.203577,0.824012,-0.643779,-0.191375,-0.91722,0.349403,65.7832,0.826931,-0.342437,-0.446008,52.3059,0,0,0,1]},{"sid":"joint24","invBindMatrrix":[0.417781,0.838111,0.350755,-53.3597,0.514545,-0.536443,0.668934,52.701,0.748801,-0.0989886,-0.655361,32.1007,0,0,0,1]},{"sid":"joint25","invBindMatrrix":[0.573028,0.523296,0.630714,-27.8197,0.334833,-0.851927,0.402625,69.5614,0.748014,-0.0195314,-0.663395,26.2291,0,0,0,1]},{"sid":"joint26","invBindMatrrix":[0.432292,0.751977,0.497649,-47.2231,0.457424,-0.658473,0.597642,54.2228,0.777101,-0.0307195,-0.628625,27.4931,0,0,0,1]},{"sid":"joint27","invBindMatrrix":[0.432292,0.751977,0.497649,-46.7031,0.457424,-0.658473,0.597642,52.167,0.777101,-0.0307195,-0.628625,27.4931,0,0,0,1]},{"sid":"joint28","invBindMatrrix":[0.526966,0.174183,0.831845,1.27466,0.119643,-0.98423,0.130298,70.6465,0.841422,0.030862,-0.539496,27.6559,0,0,0,1]},{"sid":"joint29","invBindMatrrix":[0.53333,0.144715,0.833437,3.38688,0.367255,-0.92717,-0.0740223,71.6681,0.762026,0.345562,-0.547635,4.94657,0,0,0,1]},{"sid":"joint30","invBindMatrrix":[0.548861,0.113202,0.828213,5.82152,0.466916,-0.863334,-0.191425,67.6035,0.693355,0.491772,-0.526706,-6.12876,0,0,0,1]},{"sid":"joint31","invBindMatrrix":[0.548861,0.113202,0.828213,5.77555,0.466916,-0.863334,-0.191425,64.4829,0.693355,0.491772,-0.526706,-6.12876,0,0,0,1]},{"sid":"joint32","invBindMatrrix":[-0.994096,-0.0486833,0.0969728,12.2675,0.0552915,-0.996242,0.0666642,67.5378,0.0933629,0.0716324,0.993052,-8.34369,0,0,0,1]},{"sid":"joint33","invBindMatrrix":[-0.971769,-0.194449,0.133623,16.4267,-0.0489219,-0.387975,-0.92037,17.4501,0.230808,-0.900924,0.367509,23.9443,0,0,0,1]},{"sid":"joint34","invBindMatrrix":[-0.931861,-0.351508,0.0898756,18.8956,0.332797,-0.92678,-0.174138,14.9094,0.144506,-0.132362,0.980611,17.0776,0,0,0,1]},{"sid":"joint35","invBindMatrrix":[-0.788815,-0.0544311,0.612216,25.6862,0.610333,-0.186959,0.769766,5.12643,0.0725598,0.980859,0.180697,-0.842684,0,0,0,1]},{"sid":"joint36","invBindMatrrix":[-0.788815,-0.0544311,0.612216,25.6862,0.610333,-0.186959,0.769766,-3.55116,0.0725598,0.980859,0.180697,-0.842684,0,0,0,1]},{"sid":"joint37","invBindMatrrix":[-0.979452,-0.0261965,-0.19997,-5.45741,-0.0564649,-0.916255,0.396596,61.9968,-0.193613,0.399737,0.895949,-30.4568,0,0,0,1]},{"sid":"joint38","invBindMatrrix":[-0.933598,-0.209408,-0.290762,2.86069,0.301478,-0.897624,-0.32153,39.4972,-0.193664,-0.387838,0.901153,-3.09267,0,0,0,1]},{"sid":"joint39","invBindMatrrix":[-0.927016,0.110442,-0.358392,-1.13346,-0.360533,-0.525532,0.770605,-0.424003,-0.103239,0.843575,0.526995,-17.2504,0,0,0,1]},{"sid":"joint40","invBindMatrrix":[-0.903892,-0.00705084,-0.427702,1.25845,-0.427749,0.021978,0.90363,-28.4371,0.0030287,0.999734,-0.0228818,-2.10796,0,0,0,1]},{"sid":"joint41","invBindMatrrix":[-0.903892,-0.00705084,-0.427702,1.25845,-0.427749,0.021978,0.90363,-37.242,0.0030287,0.999734,-0.0228818,-2.10796,0,0,0,1]}],"maxJoints":1,"attribStackNum":1,"ndx_0":{"type":"Float32Array","length":3056,"offset":352728},"weight_0":{"type":"Float32Array","length":3056,"offset":355784},"infos":{"name":"Hape_002_Eyes_skin","type":"Skin","parent":"Hape_002_Eyes"}},{"name":"Hape_002_Eyes","type":"triangle","translate":[-8.53809e-18,5.68434e-14,-4.44089e-16],"scale":[1,1,1],"rotation":[0,0,0],"parent":null,"material":null,"skin":"Hape_002_Eyes_skin","vertices":{"type":"Float32Array","length":2412,"offset":358840},"normal":{"type":"Float32Array","length":2412,"offset":361252},"uvs":{"type":"Float32Array","length":1608,"offset":363664},"indices":{"type":"Uint32Array","length":4560,"offset":365272},"vertexIndex":{"type":"Uint32Array","length":804,"offset":369832}},{"joints":[{"sid":"joint1","invBindMatrrix":[1,6.50521e-19,-5.20417e-17,0.000240326,1.30104e-18,1,4.16334e-17,-78.6367,5.20417e-17,-4.16334e-17,1,-1.42956,0,0,0,1]},{"sid":"joint32","invBindMatrrix":[-0.978057,-0.208321,-0.00253565,23.3835,0.208336,-0.977985,-0.0119039,68.9455,-4.9045e-17,-0.0121709,0.999926,-0.0528935,0,0,0,1]},{"sid":"joint33","invBindMatrrix":[-0.994026,-0.109133,-0.00132835,20.0681,0.109139,-0.993863,-0.0180288,34.0489,0.000647344,-0.0180661,0.999837,0.149062,0,0,0,1]},{"sid":"joint2","invBindMatrrix":[1,1.15516e-17,-1.06866e-18,0.000240326,-2.40323e-17,0.995748,-0.0921182,-89.6108,-4.81134e-19,0.0921182,0.995748,-8.66736,0,0,0,1]},{"sid":"joint37","invBindMatrrix":[-0.978066,0.208234,0.00499417,-23.38,-0.208294,-0.977785,-0.0234507,68.9422,-2.54607e-17,-0.0239766,0.999713,0.797923,0,0,0,1]},{"sid":"joint38","invBindMatrrix":[-0.994028,0.109098,0.00261656,-20.0669,-0.109129,-0.993789,-0.021779,34.0389,0.000224255,-0.0219345,0.999759,0.727977,0,0,0,1]},{"sid":"joint3","invBindMatrrix":[0.964086,0.0558222,0.259658,-6.49013,-0.0377702,0.996543,-0.0740029,-99.2792,-0.262892,0.0615378,0.962861,-6.12873,0,0,0,1]},{"sid":"joint4","invBindMatrrix":[0.933491,0.08013,0.349533,-9.19279,-0.0578637,0.9956,-0.0737045,-114.418,-0.353901,0.0485772,0.934021,-4.6364,0,0,0,1]},{"sid":"joint5","invBindMatrrix":[0.951506,0.0516581,0.303262,-5.52317,-0.0240712,0.99528,-0.0940125,-131.557,-0.306687,0.0821536,0.948258,-9.00472,0,0,0,1]},{"sid":"joint6","invBindMatrrix":[0.983526,-0.143789,0.109549,21.7161,0.170276,0.940384,-0.294422,-131.196,-0.0606834,0.308225,0.949376,-42.629,0,0,0,1]},{"sid":"joint7","invBindMatrrix":[0.983526,-0.143789,0.109549,21.7161,0.170276,0.940384,-0.294422,-157.851,-0.0606834,0.308225,0.949376,-51.334,0,0,0,1]},{"sid":"joint8","invBindMatrrix":[0.262168,-0.0337801,-0.964431,3.09178,0.835221,-0.49267,0.2443,58.8302,-0.483398,-0.869561,-0.100948,116.063,0,0,0,1]},{"sid":"joint9","invBindMatrrix":[0.844614,0.0447361,-0.533503,-19.0672,0.332588,-0.824736,0.457379,93.1944,-0.419538,-0.563745,-0.711463,79.7739,0,0,0,1]},{"sid":"joint10","invBindMatrrix":[0.82623,-0.561038,-0.0507983,38.4796,-0.377537,-0.618398,0.689239,65.2603,-0.418102,-0.550292,-0.722751,78.4772,0,0,0,1]},{"sid":"joint11","invBindMatrrix":[0.897158,-0.385692,0.21529,13.4381,-0.433872,-0.678063,0.593284,50.7487,-0.0828449,-0.625677,-0.77567,81.2888,0,0,0,1]},{"sid":"joint12","invBindMatrrix":[0.450589,-0.741744,0.496774,45.6074,-0.868999,-0.491885,0.0537641,52.9739,0.204476,-0.455922,-0.866213,64.9279,0,0,0,1]},{"sid":"joint13","invBindMatrrix":[0.793714,-0.486406,0.365276,24.3042,-0.578289,-0.789633,0.205089,68.1147,0.188678,-0.374017,-0.908026,59.1742,0,0,0,1]},{"sid":"joint14","invBindMatrrix":[0.771643,-0.541476,0.333724,30.3513,-0.621992,-0.7521,0.217879,61.9315,0.133018,-0.375699,-0.917146,60.0007,0,0,0,1]},{"sid":"joint15","invBindMatrrix":[0.771643,-0.541476,0.333724,30.0592,-0.621992,-0.7521,0.217879,59.9579,0.133018,-0.375699,-0.917146,60.0007,0,0,0,1]},{"sid":"joint16","invBindMatrrix":[0.908338,-0.366268,0.201915,12.1747,-0.415416,-0.846086,0.334019,63.2204,0.0484972,-0.387281,-0.920685,65.1609,0,0,0,1]},{"sid":"joint17","invBindMatrrix":[0.924965,-0.327831,0.192268,9.26733,-0.328094,-0.944123,-0.0313983,79.7048,0.191818,-0.0340398,-0.98084,37.8484,0,0,0,1]},{"sid":"joint18","invBindMatrrix":[0.941629,-0.269409,0.201874,4.27283,-0.227559,-0.951273,-0.208077,82.1437,0.248095,0.149993,-0.957053,22.4669,0,0,0,1]},{"sid":"joint19","invBindMatrrix":[0.941629,-0.269409,0.201874,4.35998,-0.227559,-0.951273,-0.208077,79.0072,0.248095,0.149993,-0.957053,22.4669,0,0,0,1]},{"sid":"joint20","invBindMatrrix":[-0.319811,0.0102355,0.947426,0.878071,-0.738195,-0.629538,-0.242382,74.7928,0.59396,-0.776902,0.208889,105.294,0,0,0,1]},{"sid":"joint21","invBindMatrrix":[-0.0101902,-0.0240452,0.999659,10.9898,-0.291193,-0.956312,-0.0259709,108.832,0.95661,-0.291358,0.00274321,52.0881,0,0,0,1]},{"sid":"joint22","invBindMatrrix":[0.119272,0.392113,0.912152,-27.9148,-0.256923,-0.875229,0.409836,84.1921,0.959044,-0.283235,-0.0036475,51.285,0,0,0,1]},{"sid":"joint23","invBindMatrrix":[0.528736,0.203577,0.824012,-0.643779,-0.191375,-0.91722,0.349403,65.7832,0.826931,-0.342437,-0.446008,52.3059,0,0,0,1]},{"sid":"joint24","invBindMatrrix":[0.417781,0.838111,0.350755,-53.3597,0.514545,-0.536443,0.668934,52.701,0.748801,-0.0989886,-0.655361,32.1007,0,0,0,1]},{"sid":"joint25","invBindMatrrix":[0.573028,0.523296,0.630714,-27.8197,0.334833,-0.851927,0.402625,69.5614,0.748014,-0.0195314,-0.663395,26.2291,0,0,0,1]},{"sid":"joint26","invBindMatrrix":[0.432292,0.751977,0.497649,-47.2231,0.457424,-0.658473,0.597642,54.2228,0.777101,-0.0307195,-0.628625,27.4931,0,0,0,1]},{"sid":"joint27","invBindMatrrix":[0.432292,0.751977,0.497649,-46.7031,0.457424,-0.658473,0.597642,52.167,0.777101,-0.0307195,-0.628625,27.4931,0,0,0,1]},{"sid":"joint28","invBindMatrrix":[0.526966,0.174183,0.831845,1.27466,0.119643,-0.98423,0.130298,70.6465,0.841422,0.030862,-0.539496,27.6559,0,0,0,1]},{"sid":"joint29","invBindMatrrix":[0.53333,0.144715,0.833437,3.38688,0.367255,-0.92717,-0.0740223,71.6681,0.762026,0.345562,-0.547635,4.94657,0,0,0,1]},{"sid":"joint30","invBindMatrrix":[0.548861,0.113202,0.828213,5.82152,0.466916,-0.863334,-0.191425,67.6035,0.693355,0.491772,-0.526706,-6.12876,0,0,0,1]},{"sid":"joint31","invBindMatrrix":[0.548861,0.113202,0.828213,5.77555,0.466916,-0.863334,-0.191425,64.4829,0.693355,0.491772,-0.526706,-6.12876,0,0,0,1]},{"sid":"joint34","invBindMatrrix":[-0.931861,-0.351508,0.0898756,18.8956,0.332797,-0.92678,-0.174138,14.9094,0.144506,-0.132362,0.980611,17.0776,0,0,0,1]},{"sid":"joint35","invBindMatrrix":[-0.788815,-0.0544311,0.612216,25.6862,0.610333,-0.186959,0.769766,5.12643,0.0725598,0.980859,0.180697,-0.842684,0,0,0,1]},{"sid":"joint36","invBindMatrrix":[-0.788815,-0.0544311,0.612216,25.6862,0.610333,-0.186959,0.769766,-3.55116,0.0725598,0.980859,0.180697,-0.842684,0,0,0,1]},{"sid":"joint39","invBindMatrrix":[-0.927016,0.110442,-0.358392,-1.13346,-0.360533,-0.525532,0.770605,-0.424003,-0.103239,0.843575,0.526995,-17.2504,0,0,0,1]},{"sid":"joint40","invBindMatrrix":[-0.903892,-0.00705084,-0.427702,1.25845,-0.427749,0.021978,0.90363,-28.4371,0.0030287,0.999734,-0.0228818,-2.10796,0,0,0,1]},{"sid":"joint41","invBindMatrrix":[-0.903892,-0.00705084,-0.427702,1.25845,-0.427749,0.021978,0.90363,-37.242,0.0030287,0.999734,-0.0228818,-2.10796,0,0,0,1]}],"maxJoints":3,"attribStackNum":1,"ndx_0":{"type":"Float32Array","length":5280,"offset":370636},"weight_0":{"type":"Float32Array","length":5280,"offset":375916},"infos":{"name":"Hape_002_Shorts_skin","type":"Skin","parent":"Hape_002_Shorts"}},{"name":"Hape_002_Shorts","type":"triangle","translate":[2.13163e-14,1.42109e-14,2.22045e-15],"scale":[1,1,1],"rotation":[0,8.94467279013078e-19,0],"parent":null,"material":null,"skin":"Hape_002_Shorts_skin","vertices":{"type":"Float32Array","length":4725,"offset":381196},"normal":{"type":"Float32Array","length":4725,"offset":385921},"uvs":{"type":"Float32Array","length":3150,"offset":390646},"indices":{"type":"Uint32Array","length":7560,"offset":393796},"vertexIndex":{"type":"Uint32Array","length":1575,"offset":401356}},{"joints":[{"sid":"joint6","invBindMatrrix":[1,1.38778e-17,5.51642e-16,0.000240326,-9.28077e-17,1,4.16334e-16,-143.103,-5.6552e-16,-5.55112e-17,1,1.38744,0,0,0,1]},{"sid":"joint1","invBindMatrrix":[0.998091,-0.0210252,0.0580649,0.573802,0.0218591,0.999666,-0.0137639,-74.9608,-0.0577562,0.0150069,0.998218,-3.57979,0,0,0,1]},{"sid":"joint2","invBindMatrrix":[0.985426,0.0335114,0.166771,-4.26318,-0.0204493,0.99663,-0.0794335,-85.9553,-0.168871,0.0748655,0.982791,-7.54619,0,0,0,1]},{"sid":"joint3","invBindMatrrix":[0.964086,0.0558222,0.259658,-6.49013,-0.0377702,0.996543,-0.0740029,-99.2792,-0.262892,0.0615378,0.962861,-6.12873,0,0,0,1]},{"sid":"joint4","invBindMatrrix":[0.933491,0.08013,0.349533,-9.19279,-0.0578637,0.9956,-0.0737045,-114.418,-0.353901,0.0485772,0.934021,-4.6364,0,0,0,1]},{"sid":"joint5","invBindMatrrix":[0.951506,0.0516581,0.303262,-5.52317,-0.0240712,0.99528,-0.0940125,-131.557,-0.306687,0.0821536,0.948258,-9.00472,0,0,0,1]},{"sid":"joint7","invBindMatrrix":[0.983526,-0.143789,0.109549,21.7161,0.170276,0.940384,-0.294422,-157.851,-0.0606834,0.308225,0.949376,-51.334,0,0,0,1]},{"sid":"joint8","invBindMatrrix":[0.262168,-0.0337801,-0.964431,3.09178,0.835221,-0.49267,0.2443,58.8302,-0.483398,-0.869561,-0.100948,116.063,0,0,0,1]},{"sid":"joint9","invBindMatrrix":[0.844614,0.0447361,-0.533503,-19.0672,0.332588,-0.824736,0.457379,93.1944,-0.419538,-0.563745,-0.711463,79.7739,0,0,0,1]},{"sid":"joint10","invBindMatrrix":[0.82623,-0.561038,-0.0507983,38.4796,-0.377537,-0.618398,0.689239,65.2603,-0.418102,-0.550292,-0.722751,78.4772,0,0,0,1]},{"sid":"joint11","invBindMatrrix":[0.897158,-0.385692,0.21529,13.4381,-0.433872,-0.678063,0.593284,50.7487,-0.0828449,-0.625677,-0.77567,81.2888,0,0,0,1]},{"sid":"joint12","invBindMatrrix":[0.450589,-0.741744,0.496774,45.6074,-0.868999,-0.491885,0.0537641,52.9739,0.204476,-0.455922,-0.866213,64.9279,0,0,0,1]},{"sid":"joint13","invBindMatrrix":[0.793714,-0.486406,0.365276,24.3042,-0.578289,-0.789633,0.205089,68.1147,0.188678,-0.374017,-0.908026,59.1742,0,0,0,1]},{"sid":"joint14","invBindMatrrix":[0.771643,-0.541476,0.333724,30.3513,-0.621992,-0.7521,0.217879,61.9315,0.133018,-0.375699,-0.917146,60.0007,0,0,0,1]},{"sid":"joint15","invBindMatrrix":[0.771643,-0.541476,0.333724,30.0592,-0.621992,-0.7521,0.217879,59.9579,0.133018,-0.375699,-0.917146,60.0007,0,0,0,1]},{"sid":"joint16","invBindMatrrix":[0.908338,-0.366268,0.201915,12.1747,-0.415416,-0.846086,0.334019,63.2204,0.0484972,-0.387281,-0.920685,65.1609,0,0,0,1]},{"sid":"joint17","invBindMatrrix":[0.924965,-0.327831,0.192268,9.26733,-0.328094,-0.944123,-0.0313983,79.7048,0.191818,-0.0340398,-0.98084,37.8484,0,0,0,1]},{"sid":"joint18","invBindMatrrix":[0.941629,-0.269409,0.201874,4.27283,-0.227559,-0.951273,-0.208077,82.1437,0.248095,0.149993,-0.957053,22.4669,0,0,0,1]},{"sid":"joint19","invBindMatrrix":[0.941629,-0.269409,0.201874,4.35998,-0.227559,-0.951273,-0.208077,79.0072,0.248095,0.149993,-0.957053,22.4669,0,0,0,1]},{"sid":"joint20","invBindMatrrix":[-0.319811,0.0102355,0.947426,0.878071,-0.738195,-0.629538,-0.242382,74.7928,0.59396,-0.776902,0.208889,105.294,0,0,0,1]},{"sid":"joint21","invBindMatrrix":[-0.0101902,-0.0240452,0.999659,10.9898,-0.291193,-0.956312,-0.0259709,108.832,0.95661,-0.291358,0.00274321,52.0881,0,0,0,1]},{"sid":"joint22","invBindMatrrix":[0.119272,0.392113,0.912152,-27.9148,-0.256923,-0.875229,0.409836,84.1921,0.959044,-0.283235,-0.0036475,51.285,0,0,0,1]},{"sid":"joint23","invBindMatrrix":[0.528736,0.203577,0.824012,-0.643779,-0.191375,-0.91722,0.349403,65.7832,0.826931,-0.342437,-0.446008,52.3059,0,0,0,1]},{"sid":"joint24","invBindMatrrix":[0.417781,0.838111,0.350755,-53.3597,0.514545,-0.536443,0.668934,52.701,0.748801,-0.0989886,-0.655361,32.1007,0,0,0,1]},{"sid":"joint25","invBindMatrrix":[0.573028,0.523296,0.630714,-27.8197,0.334833,-0.851927,0.402625,69.5614,0.748014,-0.0195314,-0.663395,26.2291,0,0,0,1]},{"sid":"joint26","invBindMatrrix":[0.432292,0.751977,0.497649,-47.2231,0.457424,-0.658473,0.597642,54.2228,0.777101,-0.0307195,-0.628625,27.4931,0,0,0,1]},{"sid":"joint27","invBindMatrrix":[0.432292,0.751977,0.497649,-46.7031,0.457424,-0.658473,0.597642,52.167,0.777101,-0.0307195,-0.628625,27.4931,0,0,0,1]},{"sid":"joint28","invBindMatrrix":[0.526966,0.174183,0.831845,1.27466,0.119643,-0.98423,0.130298,70.6465,0.841422,0.030862,-0.539496,27.6559,0,0,0,1]},{"sid":"joint29","invBindMatrrix":[0.53333,0.144715,0.833437,3.38688,0.367255,-0.92717,-0.0740223,71.6681,0.762026,0.345562,-0.547635,4.94657,0,0,0,1]},{"sid":"joint30","invBindMatrrix":[0.548861,0.113202,0.828213,5.82152,0.466916,-0.863334,-0.191425,67.6035,0.693355,0.491772,-0.526706,-6.12876,0,0,0,1]},{"sid":"joint31","invBindMatrrix":[0.548861,0.113202,0.828213,5.77555,0.466916,-0.863334,-0.191425,64.4829,0.693355,0.491772,-0.526706,-6.12876,0,0,0,1]},{"sid":"joint32","invBindMatrrix":[-0.994096,-0.0486833,0.0969728,12.2675,0.0552915,-0.996242,0.0666642,67.5378,0.0933629,0.0716324,0.993052,-8.34369,0,0,0,1]},{"sid":"joint33","invBindMatrrix":[-0.971769,-0.194449,0.133623,16.4267,-0.0489219,-0.387975,-0.92037,17.4501,0.230808,-0.900924,0.367509,23.9443,0,0,0,1]},{"sid":"joint34","invBindMatrrix":[-0.931861,-0.351508,0.0898756,18.8956,0.332797,-0.92678,-0.174138,14.9094,0.144506,-0.132362,0.980611,17.0776,0,0,0,1]},{"sid":"joint35","invBindMatrrix":[-0.788815,-0.0544311,0.612216,25.6862,0.610333,-0.186959,0.769766,5.12643,0.0725598,0.980859,0.180697,-0.842684,0,0,0,1]},{"sid":"joint36","invBindMatrrix":[-0.788815,-0.0544311,0.612216,25.6862,0.610333,-0.186959,0.769766,-3.55116,0.0725598,0.980859,0.180697,-0.842684,0,0,0,1]},{"sid":"joint37","invBindMatrrix":[-0.979452,-0.0261965,-0.19997,-5.45741,-0.0564649,-0.916255,0.396596,61.9968,-0.193613,0.399737,0.895949,-30.4568,0,0,0,1]},{"sid":"joint38","invBindMatrrix":[-0.933598,-0.209408,-0.290762,2.86069,0.301478,-0.897624,-0.32153,39.4972,-0.193664,-0.387838,0.901153,-3.09267,0,0,0,1]},{"sid":"joint39","invBindMatrrix":[-0.927016,0.110442,-0.358392,-1.13346,-0.360533,-0.525532,0.770605,-0.424003,-0.103239,0.843575,0.526995,-17.2504,0,0,0,1]},{"sid":"joint40","invBindMatrrix":[-0.903892,-0.00705084,-0.427702,1.25845,-0.427749,0.021978,0.90363,-28.4371,0.0030287,0.999734,-0.0228818,-2.10796,0,0,0,1]},{"sid":"joint41","invBindMatrrix":[-0.903892,-0.00705084,-0.427702,1.25845,-0.427749,0.021978,0.90363,-37.242,0.0030287,0.999734,-0.0228818,-2.10796,0,0,0,1]}],"maxJoints":1,"attribStackNum":1,"ndx_0":{"type":"Float32Array","length":65296,"offset":402931},"weight_0":{"type":"Float32Array","length":65296,"offset":468227},"infos":{"name":"Hape_002_Diamond_Round_skin","type":"Skin","parent":"Hape_002_Diamond_Round"}},{"name":"Hape_002_Diamond_Round","type":"triangle","translate":[-8.53809e-18,5.68434e-14,-4.44089e-16],"scale":[1,1,1],"rotation":[0,0,0],"parent":null,"material":null,"skin":"Hape_002_Diamond_Round_skin","vertices":{"type":"Float32Array","length":49140,"offset":533523},"normal":{"type":"Float32Array","length":49140,"offset":582663},"uvs":{"type":"Float32Array","length":32760,"offset":631803},"indices":{"type":"Uint32Array","length":38304,"offset":664563},"vertexIndex":{"type":"Uint32Array","length":16380,"offset":702867}},{"joints":[{"sid":"joint6","invBindMatrrix":[1,1.38778e-17,5.51642e-16,0.000240326,-9.28077e-17,1,4.16334e-16,-143.103,-5.6552e-16,-5.55112e-17,1,1.38744,0,0,0,1]},{"sid":"joint1","invBindMatrrix":[0.998091,-0.0210252,0.0580649,0.573802,0.0218591,0.999666,-0.0137639,-74.9608,-0.0577562,0.0150069,0.998218,-3.57979,0,0,0,1]},{"sid":"joint2","invBindMatrrix":[0.985426,0.0335114,0.166771,-4.26318,-0.0204493,0.99663,-0.0794335,-85.9553,-0.168871,0.0748655,0.982791,-7.54619,0,0,0,1]},{"sid":"joint3","invBindMatrrix":[0.964086,0.0558222,0.259658,-6.49013,-0.0377702,0.996543,-0.0740029,-99.2792,-0.262892,0.0615378,0.962861,-6.12873,0,0,0,1]},{"sid":"joint4","invBindMatrrix":[0.933491,0.08013,0.349533,-9.19279,-0.0578637,0.9956,-0.0737045,-114.418,-0.353901,0.0485772,0.934021,-4.6364,0,0,0,1]},{"sid":"joint5","invBindMatrrix":[0.951506,0.0516581,0.303262,-5.52317,-0.0240712,0.99528,-0.0940125,-131.557,-0.306687,0.0821536,0.948258,-9.00472,0,0,0,1]},{"sid":"joint7","invBindMatrrix":[0.983526,-0.143789,0.109549,21.7161,0.170276,0.940384,-0.294422,-157.851,-0.0606834,0.308225,0.949376,-51.334,0,0,0,1]},{"sid":"joint8","invBindMatrrix":[0.262168,-0.0337801,-0.964431,3.09178,0.835221,-0.49267,0.2443,58.8302,-0.483398,-0.869561,-0.100948,116.063,0,0,0,1]},{"sid":"joint9","invBindMatrrix":[0.844614,0.0447361,-0.533503,-19.0672,0.332588,-0.824736,0.457379,93.1944,-0.419538,-0.563745,-0.711463,79.7739,0,0,0,1]},{"sid":"joint10","invBindMatrrix":[0.82623,-0.561038,-0.0507983,38.4796,-0.377537,-0.618398,0.689239,65.2603,-0.418102,-0.550292,-0.722751,78.4772,0,0,0,1]},{"sid":"joint11","invBindMatrrix":[0.897158,-0.385692,0.21529,13.4381,-0.433872,-0.678063,0.593284,50.7487,-0.0828449,-0.625677,-0.77567,81.2888,0,0,0,1]},{"sid":"joint12","invBindMatrrix":[0.450589,-0.741744,0.496774,45.6074,-0.868999,-0.491885,0.0537641,52.9739,0.204476,-0.455922,-0.866213,64.9279,0,0,0,1]},{"sid":"joint13","invBindMatrrix":[0.793714,-0.486406,0.365276,24.3042,-0.578289,-0.789633,0.205089,68.1147,0.188678,-0.374017,-0.908026,59.1742,0,0,0,1]},{"sid":"joint14","invBindMatrrix":[0.771643,-0.541476,0.333724,30.3513,-0.621992,-0.7521,0.217879,61.9315,0.133018,-0.375699,-0.917146,60.0007,0,0,0,1]},{"sid":"joint15","invBindMatrrix":[0.771643,-0.541476,0.333724,30.0592,-0.621992,-0.7521,0.217879,59.9579,0.133018,-0.375699,-0.917146,60.0007,0,0,0,1]},{"sid":"joint16","invBindMatrrix":[0.908338,-0.366268,0.201915,12.1747,-0.415416,-0.846086,0.334019,63.2204,0.0484972,-0.387281,-0.920685,65.1609,0,0,0,1]},{"sid":"joint17","invBindMatrrix":[0.924965,-0.327831,0.192268,9.26733,-0.328094,-0.944123,-0.0313983,79.7048,0.191818,-0.0340398,-0.98084,37.8484,0,0,0,1]},{"sid":"joint18","invBindMatrrix":[0.941629,-0.269409,0.201874,4.27283,-0.227559,-0.951273,-0.208077,82.1437,0.248095,0.149993,-0.957053,22.4669,0,0,0,1]},{"sid":"joint19","invBindMatrrix":[0.941629,-0.269409,0.201874,4.35998,-0.227559,-0.951273,-0.208077,79.0072,0.248095,0.149993,-0.957053,22.4669,0,0,0,1]},{"sid":"joint20","invBindMatrrix":[-0.319811,0.0102355,0.947426,0.878071,-0.738195,-0.629538,-0.242382,74.7928,0.59396,-0.776902,0.208889,105.294,0,0,0,1]},{"sid":"joint21","invBindMatrrix":[-0.0101902,-0.0240452,0.999659,10.9898,-0.291193,-0.956312,-0.0259709,108.832,0.95661,-0.291358,0.00274321,52.0881,0,0,0,1]},{"sid":"joint22","invBindMatrrix":[0.119272,0.392113,0.912152,-27.9148,-0.256923,-0.875229,0.409836,84.1921,0.959044,-0.283235,-0.0036475,51.285,0,0,0,1]},{"sid":"joint23","invBindMatrrix":[0.528736,0.203577,0.824012,-0.643779,-0.191375,-0.91722,0.349403,65.7832,0.826931,-0.342437,-0.446008,52.3059,0,0,0,1]},{"sid":"joint24","invBindMatrrix":[0.417781,0.838111,0.350755,-53.3597,0.514545,-0.536443,0.668934,52.701,0.748801,-0.0989886,-0.655361,32.1007,0,0,0,1]},{"sid":"joint25","invBindMatrrix":[0.573028,0.523296,0.630714,-27.8197,0.334833,-0.851927,0.402625,69.5614,0.748014,-0.0195314,-0.663395,26.2291,0,0,0,1]},{"sid":"joint26","invBindMatrrix":[0.432292,0.751977,0.497649,-47.2231,0.457424,-0.658473,0.597642,54.2228,0.777101,-0.0307195,-0.628625,27.4931,0,0,0,1]},{"sid":"joint27","invBindMatrrix":[0.432292,0.751977,0.497649,-46.7031,0.457424,-0.658473,0.597642,52.167,0.777101,-0.0307195,-0.628625,27.4931,0,0,0,1]},{"sid":"joint28","invBindMatrrix":[0.526966,0.174183,0.831845,1.27466,0.119643,-0.98423,0.130298,70.6465,0.841422,0.030862,-0.539496,27.6559,0,0,0,1]},{"sid":"joint29","invBindMatrrix":[0.53333,0.144715,0.833437,3.38688,0.367255,-0.92717,-0.0740223,71.6681,0.762026,0.345562,-0.547635,4.94657,0,0,0,1]},{"sid":"joint30","invBindMatrrix":[0.548861,0.113202,0.828213,5.82152,0.466916,-0.863334,-0.191425,67.6035,0.693355,0.491772,-0.526706,-6.12876,0,0,0,1]},{"sid":"joint31","invBindMatrrix":[0.548861,0.113202,0.828213,5.77555,0.466916,-0.863334,-0.191425,64.4829,0.693355,0.491772,-0.526706,-6.12876,0,0,0,1]},{"sid":"joint32","invBindMatrrix":[-0.994096,-0.0486833,0.0969728,12.2675,0.0552915,-0.996242,0.0666642,67.5378,0.0933629,0.0716324,0.993052,-8.34369,0,0,0,1]},{"sid":"joint33","invBindMatrrix":[-0.971769,-0.194449,0.133623,16.4267,-0.0489219,-0.387975,-0.92037,17.4501,0.230808,-0.900924,0.367509,23.9443,0,0,0,1]},{"sid":"joint34","invBindMatrrix":[-0.931861,-0.351508,0.0898756,18.8956,0.332797,-0.92678,-0.174138,14.9094,0.144506,-0.132362,0.980611,17.0776,0,0,0,1]},{"sid":"joint35","invBindMatrrix":[-0.788815,-0.0544311,0.612216,25.6862,0.610333,-0.186959,0.769766,5.12643,0.0725598,0.980859,0.180697,-0.842684,0,0,0,1]},{"sid":"joint36","invBindMatrrix":[-0.788815,-0.0544311,0.612216,25.6862,0.610333,-0.186959,0.769766,-3.55116,0.0725598,0.980859,0.180697,-0.842684,0,0,0,1]},{"sid":"joint37","invBindMatrrix":[-0.979452,-0.0261965,-0.19997,-5.45741,-0.0564649,-0.916255,0.396596,61.9968,-0.193613,0.399737,0.895949,-30.4568,0,0,0,1]},{"sid":"joint38","invBindMatrrix":[-0.933598,-0.209408,-0.290762,2.86069,0.301478,-0.897624,-0.32153,39.4972,-0.193664,-0.387838,0.901153,-3.09267,0,0,0,1]},{"sid":"joint39","invBindMatrrix":[-0.927016,0.110442,-0.358392,-1.13346,-0.360533,-0.525532,0.770605,-0.424003,-0.103239,0.843575,0.526995,-17.2504,0,0,0,1]},{"sid":"joint40","invBindMatrrix":[-0.903892,-0.00705084,-0.427702,1.25845,-0.427749,0.021978,0.90363,-28.4371,0.0030287,0.999734,-0.0228818,-2.10796,0,0,0,1]},{"sid":"joint41","invBindMatrrix":[-0.903892,-0.00705084,-0.427702,1.25845,-0.427749,0.021978,0.90363,-37.242,0.0030287,0.999734,-0.0228818,-2.10796,0,0,0,1]}],"maxJoints":1,"attribStackNum":1,"ndx_0":{"type":"Float32Array","length":11816,"offset":719247},"weight_0":{"type":"Float32Array","length":11816,"offset":731063},"infos":{"name":"Hape_002_Earings_skin","type":"Skin","parent":"Hape_002_Earings"}},{"name":"Hape_002_Earings","type":"triangle","translate":[-8.53809e-18,5.68434e-14,-4.44089e-16],"scale":[1,1,1],"rotation":[0,0,0],"parent":null,"material":null,"skin":"Hape_002_Earings_skin","vertices":{"type":"Float32Array","length":51903,"offset":742879},"normal":{"type":"Float32Array","length":51903,"offset":794782},"uvs":{"type":"Float32Array","length":34602,"offset":846685},"indices":{"type":"Uint32Array","length":17661,"offset":881287},"vertexIndex":{"type":"Uint32Array","length":17301,"offset":898948}},{"joints":[{"sid":"joint4","invBindMatrrix":[1,5.1302e-18,-2.21673e-18,0.000240326,-4.43108e-17,0.995748,-0.0921182,-118.211,1.12713e-18,0.0921182,0.995748,-8.66736,0,0,0,1]},{"sid":"joint5","invBindMatrrix":[1,-2.1684e-18,9.67976e-16,0.000240326,-6.1149e-17,1,-1.3739e-15,-135.594,-9.54098e-16,1.48145e-15,1,3.83968,0,0,0,1]},{"sid":"joint6","invBindMatrrix":[1,1.38778e-17,5.51642e-16,0.000240326,-9.28077e-17,1,4.16334e-16,-143.103,-5.6552e-16,-5.55112e-17,1,1.38744,0,0,0,1]},{"sid":"joint8","invBindMatrrix":[-0.0316789,-0.0900988,-0.995429,8.42876,0.924767,-0.3805,0.00500987,44.0978,-0.379212,-0.920381,0.0953743,125.524,0,0,0,1]},{"sid":"joint20","invBindMatrrix":[-0.0423941,0.0899335,0.995045,-8.41005,-0.924767,-0.3805,-0.00500983,44.0589,0.378164,-0.920398,0.0992985,125.541,0,0,0,1]},{"sid":"joint1","invBindMatrrix":[0.998091,-0.0210252,0.0580649,0.573802,0.0218591,0.999666,-0.0137639,-74.9608,-0.0577562,0.0150069,0.998218,-3.57979,0,0,0,1]},{"sid":"joint2","invBindMatrrix":[0.985426,0.0335114,0.166771,-4.26318,-0.0204493,0.99663,-0.0794335,-85.9553,-0.168871,0.0748655,0.982791,-7.54619,0,0,0,1]},{"sid":"joint3","invBindMatrrix":[0.964086,0.0558222,0.259658,-6.49013,-0.0377702,0.996543,-0.0740029,-99.2792,-0.262892,0.0615378,0.962861,-6.12873,0,0,0,1]},{"sid":"joint7","invBindMatrrix":[0.983526,-0.143789,0.109549,21.7161,0.170276,0.940384,-0.294422,-157.851,-0.0606834,0.308225,0.949376,-51.334,0,0,0,1]},{"sid":"joint9","invBindMatrrix":[0.844614,0.0447361,-0.533503,-19.0672,0.332588,-0.824736,0.457379,93.1944,-0.419538,-0.563745,-0.711463,79.7739,0,0,0,1]},{"sid":"joint10","invBindMatrrix":[0.82623,-0.561038,-0.0507983,38.4796,-0.377537,-0.618398,0.689239,65.2603,-0.418102,-0.550292,-0.722751,78.4772,0,0,0,1]},{"sid":"joint11","invBindMatrrix":[0.897158,-0.385692,0.21529,13.4381,-0.433872,-0.678063,0.593284,50.7487,-0.0828449,-0.625677,-0.77567,81.2888,0,0,0,1]},{"sid":"joint12","invBindMatrrix":[0.450589,-0.741744,0.496774,45.6074,-0.868999,-0.491885,0.0537641,52.9739,0.204476,-0.455922,-0.866213,64.9279,0,0,0,1]},{"sid":"joint13","invBindMatrrix":[0.793714,-0.486406,0.365276,24.3042,-0.578289,-0.789633,0.205089,68.1147,0.188678,-0.374017,-0.908026,59.1742,0,0,0,1]},{"sid":"joint14","invBindMatrrix":[0.771643,-0.541476,0.333724,30.3513,-0.621992,-0.7521,0.217879,61.9315,0.133018,-0.375699,-0.917146,60.0007,0,0,0,1]},{"sid":"joint15","invBindMatrrix":[0.771643,-0.541476,0.333724,30.0592,-0.621992,-0.7521,0.217879,59.9579,0.133018,-0.375699,-0.917146,60.0007,0,0,0,1]},{"sid":"joint16","invBindMatrrix":[0.908338,-0.366268,0.201915,12.1747,-0.415416,-0.846086,0.334019,63.2204,0.0484972,-0.387281,-0.920685,65.1609,0,0,0,1]},{"sid":"joint17","invBindMatrrix":[0.924965,-0.327831,0.192268,9.26733,-0.328094,-0.944123,-0.0313983,79.7048,0.191818,-0.0340398,-0.98084,37.8484,0,0,0,1]},{"sid":"joint18","invBindMatrrix":[0.941629,-0.269409,0.201874,4.27283,-0.227559,-0.951273,-0.208077,82.1437,0.248095,0.149993,-0.957053,22.4669,0,0,0,1]},{"sid":"joint19","invBindMatrrix":[0.941629,-0.269409,0.201874,4.35998,-0.227559,-0.951273,-0.208077,79.0072,0.248095,0.149993,-0.957053,22.4669,0,0,0,1]},{"sid":"joint21","invBindMatrrix":[-0.0101902,-0.0240452,0.999659,10.9898,-0.291193,-0.956312,-0.0259709,108.832,0.95661,-0.291358,0.00274321,52.0881,0,0,0,1]},{"sid":"joint22","invBindMatrrix":[0.119272,0.392113,0.912152,-27.9148,-0.256923,-0.875229,0.409836,84.1921,0.959044,-0.283235,-0.0036475,51.285,0,0,0,1]},{"sid":"joint23","invBindMatrrix":[0.528736,0.203577,0.824012,-0.643779,-0.191375,-0.91722,0.349403,65.7832,0.826931,-0.342437,-0.446008,52.3059,0,0,0,1]},{"sid":"joint24","invBindMatrrix":[0.417781,0.838111,0.350755,-53.3597,0.514545,-0.536443,0.668934,52.701,0.748801,-0.0989886,-0.655361,32.1007,0,0,0,1]},{"sid":"joint25","invBindMatrrix":[0.5