{"type":"Mesh data","version":"0.0.1","bufferLength":1345471,"meshes":[{"joints":[{"sid":"joint29","invBindMatrrix":[0.0782747,0.0883182,0.993012,-0.429198,-0.996898,-0.00130198,0.0786968,-80.3548,0.00824324,-0.996091,0.0879423,133.728,0,0,0,1]},{"sid":"joint30","invBindMatrrix":[0.0782747,0.0883182,0.993012,-0.330978,-0.993445,-0.0763241,0.0850971,-74.3107,0.0833064,-0.993164,0.081765,139.722,0,0,0,1]},{"sid":"joint6","invBindMatrrix":[1,1.29237e-16,-1.42247e-16,0.0925725,-9.36751e-17,1,1.66533e-16,-145.355,1.76942e-16,2.28674e-32,1,2.3149,0,0,0,1]},{"sid":"joint5","invBindMatrrix":[1,2.92735e-17,2.75821e-15,0.0925725,-6.34258e-17,1,-8.01442e-16,-137.768,-2.75127e-15,8.70831e-16,1,4.60114,0,0,0,1]},{"sid":"joint23","invBindMatrrix":[-0.0351849,0.109378,0.993377,-12.033,-0.982808,0.176483,-0.0542426,-88.5057,-0.181247,-0.978208,0.101288,117.041,0,0,0,1]},{"sid":"joint28","invBindMatrrix":[0.0782747,0.0883182,0.993012,-0.541016,-0.996357,-0.0268792,0.080929,-72.2779,0.0338389,-0.99573,0.0858925,135.747,0,0,0,1]},{"sid":"joint22","invBindMatrrix":[0.00529163,0.121966,0.99252,-11.012,-0.999964,0.00716509,0.00445083,-40.7182,-0.00656865,-0.992508,0.121999,130.581,0,0,0,1]},{"sid":"joint24","invBindMatrrix":[0.602256,-0.0289831,0.797777,46.906,-0.79646,0.046045,0.602935,-60.1348,-0.0542086,-0.998519,0.00464696,127.665,0,0,0,1]},{"sid":"joint25","invBindMatrrix":[0.602256,-0.0289831,0.797777,46.4895,-0.797407,-0.0691634,0.599465,-48.3802,0.0378026,-0.997184,-0.0647654,134.123,0,0,0,1]},{"sid":"joint39","invBindMatrrix":[-0.983705,0.159139,-0.083664,-21.1873,-0.163451,-0.597742,0.784849,5.73029,0.0748908,0.785735,0.614013,-8.09335,0,0,0,1]},{"sid":"joint37","invBindMatrrix":[-0.992692,0.120576,0.0048271,-19.4352,-0.120673,-0.991898,-0.0397093,81.0886,-2.38383e-17,-0.0400016,0.9992,3.18726,0,0,0,1]},{"sid":"joint38","invBindMatrrix":[-0.987117,0.159871,0.00640025,-21.1456,-0.159862,-0.987137,0.00196765,42.7468,0.00663249,0.00091915,0.999978,1.41648,0,0,0,1]},{"sid":"joint40","invBindMatrrix":[-0.980703,0.0119512,-0.195138,-19.3379,-0.194824,0.0233748,0.98056,-18.141,0.0162802,0.999655,-0.0205953,-0.850487,0,0,0,1]},{"sid":"joint21","invBindMatrrix":[-0.00514278,0.12196,0.992522,-11.4266,-0.999987,-0.0011458,-0.00504066,-19.0467,0.000522472,-0.992534,0.121965,130.866,0,0,0,1]},{"sid":"joint3","invBindMatrrix":[1,9.40813e-17,-1.03682e-17,0.0925725,-1.16344e-16,0.993982,-0.109541,-109.32,-2.35027e-18,0.109541,0.993982,-10.5178,0,0,0,1]},{"sid":"joint4","invBindMatrrix":[1,-1.54272e-16,1.35111e-17,0.0925725,1.13219e-16,0.993982,-0.109541,-122.554,2.00585e-18,0.109541,0.993982,-10.5178,0,0,0,1]},{"sid":"joint20","invBindMatrrix":[-0.0435925,0.108765,0.993111,-10.429,-0.945061,-0.326844,-0.00568758,38.2094,0.323974,-0.938799,0.117038,129.991,0,0,0,1]},{"sid":"joint26","invBindMatrrix":[0.602256,-0.0289831,0.797777,46.4396,-0.792242,-0.144614,0.592824,-41.2541,0.0981878,-0.989064,-0.110056,137.65,0,0,0,1]},{"sid":"joint32","invBindMatrrix":[-0.992695,-0.120535,-0.00531524,19.2485,0.120652,-0.991731,-0.0437323,81.1008,4.81235e-18,-0.0440541,0.999029,3.45459,0,0,0,1]},{"sid":"joint33","invBindMatrrix":[-0.987109,-0.159894,-0.00705084,20.9623,0.159859,-0.987126,0.00524676,42.7808,-0.00779899,0.00405198,0.999961,1.37157,0,0,0,1]},{"sid":"joint34","invBindMatrrix":[-0.983739,-0.158865,0.0837789,21.0003,0.163328,-0.597272,0.785233,5.73782,-0.0747076,0.786148,0.613507,-8.13202,0,0,0,1]},{"sid":"joint35","invBindMatrrix":[-0.980574,-0.0106444,0.195862,19.1327,0.195573,0.0235146,0.980407,-18.1621,-0.0150414,0.999667,-0.020976,-0.875736,0,0,0,1]},{"sid":"joint9","invBindMatrrix":[-0.0116442,-0.115714,-0.993214,10.9539,0.999932,-0.00114603,-0.0115894,-18.8887,0.00020281,-0.993282,0.11572,130.894,0,0,0,1]},{"sid":"joint10","invBindMatrrix":[0.00452278,-0.115718,-0.993272,10.3136,0.999967,0.00716483,0.00371856,-40.537,0.00668632,-0.993256,0.115746,130.634,0,0,0,1]},{"sid":"joint11","invBindMatrrix":[-0.111028,-0.016111,-0.993687,4.84819,0.993551,0.0213308,-0.111359,-68.9021,0.0229902,-0.999643,0.0136388,129.925,0,0,0,1]},{"sid":"joint16","invBindMatrrix":[0.0265138,-0.0130279,-0.999564,-6.12737,0.999237,0.029023,0.0261269,-80.2092,0.0286699,-0.999494,0.0137875,129.469,0,0,0,1]},{"sid":"joint12","invBindMatrrix":[0.591127,0.00259037,-0.806574,-42.4996,0.737463,-0.406748,0.53917,2.8147,-0.326676,-0.913537,-0.24235,140.505,0,0,0,1]},{"sid":"joint8","invBindMatrrix":[-0.0316554,-0.10882,-0.993557,10.4275,0.945061,-0.326844,0.0056876,38.4368,-0.325357,-0.938792,0.113188,129.912,0,0,0,1]},{"sid":"joint13","invBindMatrrix":[0.591127,0.00259037,-0.806574,-42.0253,0.724045,-0.442362,0.529221,4.77459,-0.355427,-0.896833,-0.263368,140.426,0,0,0,1]},{"sid":"joint14","invBindMatrrix":[0.591127,0.00259037,-0.806574,-42.0531,0.780126,-0.255834,0.570922,-26.1842,-0.20487,-0.966717,-0.153251,137.973,0,0,0,1]},{"sid":"joint17","invBindMatrrix":[0.0265138,-0.0130279,-0.999564,-6.19764,0.999551,-0.0136052,0.0266908,-79.3187,-0.013947,-0.999823,0.0126613,132.97,0,0,0,1]},{"sid":"joint18","invBindMatrrix":[0.0265138,-0.0130279,-0.999564,-6.26108,0.999077,0.0341451,0.0260559,-89.8499,0.0337907,-0.999332,0.0139212,128.828,0,0,0,1]},{"sid":"joint1","invBindMatrrix":[0.997183,0.0546075,-0.0514129,-8.87755,-0.0525767,0.997813,0.0400579,-82.4137,0.053488,-0.037242,0.997874,-1.47718,0,0,0,1]},{"sid":"joint2","invBindMatrrix":[0.974273,-0.0573216,-0.217961,2.17783,0.0408051,0.995996,-0.0795409,-92.0529,0.221647,0.0686006,0.972711,-10.7704,0,0,0,1]},{"sid":"joint7","invBindMatrrix":[0.989803,0.0630019,-0.12775,-18.7771,-0.0994889,0.947623,-0.303501,-157.224,0.101938,0.313116,0.944228,-51.8874,0,0,0,1]},{"sid":"joint15","invBindMatrrix":[-0.232133,-0.47018,-0.851496,35.7315,-0.324967,-0.787619,0.5235,63.5947,-0.916794,0.39823,0.0300387,1.14524,0,0,0,1]},{"sid":"joint19","invBindMatrrix":[-0.0471524,0.0627856,-0.996913,-12.3624,-0.804102,-0.594492,0.000591662,54.0513,-0.592619,0.801647,0.0785177,-27.1747,0,0,0,1]},{"sid":"joint27","invBindMatrrix":[0.870625,0.491766,-0.0133778,-30.6713,0.489813,-0.869057,-0.0694558,70.8717,-0.0457821,0.0539174,-0.997495,23.5289,0,0,0,1]},{"sid":"joint31","invBindMatrrix":[0.954838,-0.29642,-0.020488,36.1519,-0.257783,-0.792143,-0.553225,62.1658,0.147757,0.533522,-0.83278,-9.3588,0,0,0,1]},{"sid":"joint36","invBindMatrrix":[-0.918223,0.00196672,0.396058,-0.0244166,0.395117,0.0736393,0.915675,-49.9761,-0.0273646,0.997283,-0.0683944,-0.440598,0,0,0,1]},{"sid":"joint41","invBindMatrrix":[-0.837072,0.0228276,-0.546617,-27.7809,-0.54616,-0.09319,0.832481,17.1086,-0.0319356,0.995387,0.0904742,0.695269,0,0,0,1]}],"maxJoints":6,"attribStackNum":2,"ndx_0":{"type":"Float32Array","length":39796,"offset":0},"weight_0":{"type":"Float32Array","length":39796,"offset":39796},"ndx_1":{"type":"Float32Array","length":39796,"offset":79592},"weight_1":{"type":"Float32Array","length":39796,"offset":119388},"infos":{"name":"Hape_003_Body_skin","type":"Skin","parent":"Hape_003_Body"}},{"name":"Hape_003_Body","type":"triangle","translate":[0,-5.68434e-14,8.88178e-16],"scale":[1,1,1],"rotation":[0,0,0],"parent":null,"material":null,"skin":"Hape_003_Body_skin","vertices":{"type":"Float32Array","length":33312,"offset":159184},"normal":{"type":"Float32Array","length":33312,"offset":192496},"uvs":{"type":"Float32Array","length":22208,"offset":225808},"indices":{"type":"Uint32Array","length":59028,"offset":248016},"vertexIndex":{"type":"Uint32Array","length":11104,"offset":307044}},{"joints":[{"sid":"joint1","invBindMatrrix":[1,-8.67362e-19,-7.1991e-17,0.0925725,1.78893e-18,1,3.05311e-16,-88.4388,7.37257e-17,-3.747e-16,1,-0.835143,0,0,0,1]},{"sid":"joint32","invBindMatrrix":[-0.992695,-0.120535,-0.00531524,19.2485,0.120652,-0.991731,-0.0437323,81.1008,4.81235e-18,-0.0440541,0.999029,3.45459,0,0,0,1]},{"sid":"joint37","invBindMatrrix":[-0.992692,0.120576,0.0048271,-19.4352,-0.120673,-0.991898,-0.0397093,81.0886,-2.38383e-17,-0.0400016,0.9992,3.18726,0,0,0,1]},{"sid":"joint2","invBindMatrrix":[1,-3.55379e-17,2.17121e-18,0.0925725,2.20534e-17,0.993982,-0.109541,-97.7406,6.8516e-19,0.109541,0.993982,-10.5178,0,0,0,1]},{"sid":"joint3","invBindMatrrix":[1,9.75298e-17,-1.07482e-17,0.0925725,-1.18284e-16,0.993982,-0.109541,-109.32,-2.56404e-18,0.109541,0.993982,-10.5178,0,0,0,1]},{"sid":"joint4","invBindMatrrix":[1,-1.26848e-16,6.99836e-18,0.0925725,7.2749e-17,0.993982,-0.109541,-122.554,1.03636e-18,0.109541,0.993982,-10.5178,0,0,0,1]},{"sid":"joint39","invBindMatrrix":[-0.983705,0.159139,-0.083664,-21.1873,-0.163451,-0.597742,0.784849,5.73029,0.0748908,0.785735,0.614013,-8.09335,0,0,0,1]},{"sid":"joint38","invBindMatrrix":[-0.987117,0.159871,0.00640025,-21.1456,-0.159862,-0.987137,0.00196765,42.7468,0.00663249,0.00091915,0.999978,1.41648,0,0,0,1]},{"sid":"joint40","invBindMatrrix":[-0.980703,0.0119512,-0.195138,-19.3379,-0.194824,0.0233748,0.98056,-18.141,0.0162802,0.999655,-0.0205953,-0.850487,0,0,0,1]},{"sid":"joint33","invBindMatrrix":[-0.987109,-0.159894,-0.00705084,20.9623,0.159859,-0.987126,0.00524676,42.7808,-0.00779899,0.00405198,0.999961,1.37157,0,0,0,1]},{"sid":"joint34","invBindMatrrix":[-0.983739,-0.158865,0.0837789,21.0003,0.163328,-0.597272,0.785233,5.73782,-0.0747076,0.786148,0.613507,-8.13202,0,0,0,1]},{"sid":"joint35","invBindMatrrix":[-0.980574,-0.0106444,0.195862,19.1327,0.195573,0.0235146,0.980407,-18.1621,-0.0150414,0.999667,-0.020976,-0.875736,0,0,0,1]},{"sid":"joint8","invBindMatrrix":[-0.0316554,-0.10882,-0.993557,10.4275,0.945061,-0.326844,0.0056876,38.4368,-0.325357,-0.938792,0.113188,129.912,0,0,0,1]},{"sid":"joint5","invBindMatrrix":[0.888793,-0.215055,-0.40472,20.7987,0.147139,0.97022,-0.192416,-129.176,0.434047,0.111468,0.893967,-17.0303,0,0,0,1]},{"sid":"joint6","invBindMatrrix":[0.989803,0.0630019,-0.12775,-18.7771,-0.0994889,0.947623,-0.303501,-131.213,0.101938,0.313116,0.944228,-44.0495,0,0,0,1]},{"sid":"joint7","invBindMatrrix":[0.989803,0.0630019,-0.12775,-18.7771,-0.0994889,0.947623,-0.303501,-157.224,0.101938,0.313116,0.944228,-51.8874,0,0,0,1]},{"sid":"joint9","invBindMatrrix":[-0.484494,0.118889,-0.866678,-12.1552,0.208819,-0.946364,-0.246555,106.051,-0.849506,-0.300433,0.433681,57.9775,0,0,0,1]},{"sid":"joint10","invBindMatrrix":[-0.378071,-0.247277,-0.892142,21.2645,0.337952,-0.934028,0.115669,86.1913,-0.861888,-0.25777,0.436697,54.0839,0,0,0,1]},{"sid":"joint11","invBindMatrrix":[-0.131464,-0.0619384,-0.989384,-2.26439,-0.0314866,-0.997282,0.0666165,76.7024,-0.990821,0.03991,0.129156,32.6273,0,0,0,1]},{"sid":"joint12","invBindMatrrix":[-0.175125,-0.691147,-0.701176,50.4314,-0.280118,-0.647771,0.708468,62.0297,-0.943857,0.320482,-0.0801616,7.06597,0,0,0,1]},{"sid":"joint13","invBindMatrrix":[-0.167101,-0.46797,-0.867802,33.9912,-0.36859,-0.786706,0.495213,70.0256,-0.91445,0.402614,-0.0410299,0.513902,0,0,0,1]},{"sid":"joint14","invBindMatrrix":[-0.232133,-0.47018,-0.851496,36.1779,-0.324967,-0.787619,0.5235,65.7541,-0.916794,0.39823,0.0300387,1.14524,0,0,0,1]},{"sid":"joint15","invBindMatrrix":[-0.232133,-0.47018,-0.851496,35.7315,-0.324967,-0.787619,0.5235,63.5947,-0.916794,0.39823,0.0300387,1.14524,0,0,0,1]},{"sid":"joint16","invBindMatrrix":[-0.129091,-0.0349334,-0.991017,-4.10277,-0.335193,-0.939017,0.076763,72.7593,-0.933264,0.342091,0.109509,10.9813,0,0,0,1]},{"sid":"joint17","invBindMatrrix":[-0.106668,0.0124807,-0.994216,-7.78098,-0.668926,-0.7407,0.0624695,66.8572,-0.735636,0.67172,0.0873572,-15.4581,0,0,0,1]},{"sid":"joint18","invBindMatrrix":[-0.0471524,0.0627856,-0.996913,-12.4961,-0.804102,-0.594492,0.000591662,57.637,-0.592619,0.801647,0.0785177,-27.1747,0,0,0,1]},{"sid":"joint19","invBindMatrrix":[-0.0471524,0.0627856,-0.996913,-12.3624,-0.804102,-0.594492,0.000591662,54.0513,-0.592619,0.801647,0.0785177,-27.1747,0,0,0,1]},{"sid":"joint20","invBindMatrrix":[0.494086,0.0314061,0.868846,-6.70412,-0.818237,-0.321008,0.47691,42.7854,0.293884,-0.946556,-0.132908,123.608,0,0,0,1]},{"sid":"joint21","invBindMatrrix":[0.781045,-0.10716,0.615212,15.5254,-0.365124,-0.877588,0.310682,105.268,0.50661,-0.467285,-0.724563,69.727,0,0,0,1]},{"sid":"joint22","invBindMatrrix":[0.851889,0.341792,0.396816,-28.8206,0.0932854,-0.844596,0.527215,85.4677,0.515347,-0.412111,-0.751387,64.2773,0,0,0,1]},{"sid":"joint23","invBindMatrrix":[0.996268,-0.0680462,0.0530961,18.3812,-0.0802184,-0.957027,0.278683,73.4302,0.0318511,-0.281902,-0.958914,52.1726,0,0,0,1]},{"sid":"joint24","invBindMatrrix":[0.80269,0.591039,-0.0797535,-37.7857,0.582705,-0.805709,-0.106245,76.5873,-0.127053,0.0388094,-0.991136,23.989,0,0,0,1]},{"sid":"joint25","invBindMatrrix":[0.922589,0.383474,-0.0421523,-21.4599,0.376865,-0.919224,-0.114018,80.7618,-0.0824702,0.0893059,-0.992584,20.3572,0,0,0,1]},{"sid":"joint26","invBindMatrrix":[0.870625,0.491766,-0.0133778,-31.1376,0.489813,-0.869057,-0.0694558,73.2811,-0.0457821,0.0539174,-0.997495,23.5289,0,0,0,1]},{"sid":"joint27","invBindMatrrix":[0.870625,0.491766,-0.0133778,-30.6713,0.489813,-0.869057,-0.0694558,70.8717,-0.0457821,0.0539174,-0.997495,23.5289,0,0,0,1]},{"sid":"joint28","invBindMatrrix":[0.990483,-0.128936,0.0481466,23.0865,-0.123556,-0.987116,-0.101661,76.51,0.060634,0.0947445,-0.993653,25.0059,0,0,0,1]},{"sid":"joint29","invBindMatrrix":[0.979545,-0.197643,0.0377894,28.2677,-0.164897,-0.896059,-0.412174,74.3674,0.115325,0.397512,-0.910321,1.59824,0,0,0,1]},{"sid":"joint30","invBindMatrrix":[0.954838,-0.29642,-0.020488,36.362,-0.257783,-0.792143,-0.553225,65.6599,0.147757,0.533522,-0.83278,-9.3588,0,0,0,1]},{"sid":"joint31","invBindMatrrix":[0.954838,-0.29642,-0.020488,36.1519,-0.257783,-0.792143,-0.553225,62.1658,0.147757,0.533522,-0.83278,-9.3588,0,0,0,1]},{"sid":"joint36","invBindMatrrix":[-0.918223,0.00196672,0.396058,-0.0244166,0.395117,0.0736393,0.915675,-49.9761,-0.0273646,0.997283,-0.0683944,-0.440598,0,0,0,1]},{"sid":"joint41","invBindMatrrix":[-0.837072,0.0228276,-0.546617,-27.7809,-0.54616,-0.09319,0.832481,17.1086,-0.0319356,0.995387,0.0904742,0.695269,0,0,0,1]}],"maxJoints":4,"attribStackNum":1,"ndx_0":{"type":"Float32Array","length":22588,"offset":318148},"weight_0":{"type":"Float32Array","length":22588,"offset":340736},"infos":{"name":"Hape_003_Pants_skin","type":"Skin","parent":"Hape_003_Pants"}},{"name":"Hape_003_Pants","type":"triangle","translate":[-1.77636e-15,0,-3.55271e-15],"scale":[1,1,1],"rotation":[0,0,0],"parent":null,"material":null,"skin":"Hape_003_Pants_skin","vertices":{"type":"Float32Array","length":20535,"offset":363324},"normal":{"type":"Float32Array","length":20535,"offset":383859},"uvs":{"type":"Float32Array","length":13690,"offset":404394},"indices":{"type":"Uint32Array","length":34182,"offset":418084},"vertexIndex":{"type":"Uint32Array","length":6845,"offset":452266}},{"joints":[{"sid":"joint6","invBindMatrrix":[1,1.20563e-16,-5.0307e-16,0.0925725,-9.1073e-17,1,5.55112e-17,-145.355,5.41234e-16,1.38778e-16,1,2.3149,0,0,0,1]},{"sid":"joint1","invBindMatrrix":[0.997183,0.0546075,-0.0514129,-8.87755,-0.0525767,0.997813,0.0400579,-82.4137,0.053488,-0.037242,0.997874,-1.47718,0,0,0,1]},{"sid":"joint2","invBindMatrrix":[0.974273,-0.0573216,-0.217961,2.17783,0.0408051,0.995996,-0.0795409,-92.0529,0.221647,0.0686006,0.972711,-10.7704,0,0,0,1]},{"sid":"joint3","invBindMatrrix":[0.928527,-0.128965,-0.348145,10.1928,0.0944523,0.988932,-0.114424,-103.044,0.359049,0.0733629,0.930431,-11.7691,0,0,0,1]},{"sid":"joint4","invBindMatrrix":[0.861302,-0.205525,-0.46467,19.6885,0.145674,0.976031,-0.161684,-115.004,0.486762,0.0715681,0.870598,-12.221,0,0,0,1]},{"sid":"joint5","invBindMatrrix":[0.888793,-0.215055,-0.40472,20.7987,0.147139,0.97022,-0.192416,-129.176,0.434047,0.111468,0.893967,-17.0303,0,0,0,1]},{"sid":"joint7","invBindMatrrix":[0.989803,0.0630019,-0.12775,-18.7771,-0.0994889,0.947623,-0.303501,-157.224,0.101938,0.313116,0.944228,-51.8874,0,0,0,1]},{"sid":"joint8","invBindMatrrix":[-0.578666,-0.0273726,-0.815105,7.7727,0.611085,-0.676434,-0.411111,77.2196,-0.540112,-0.735995,0.408156,103.1,0,0,0,1]},{"sid":"joint9","invBindMatrrix":[-0.484494,0.118889,-0.866678,-12.1552,0.208819,-0.946364,-0.246555,106.051,-0.849506,-0.300433,0.433681,57.9775,0,0,0,1]},{"sid":"joint10","invBindMatrrix":[-0.378071,-0.247277,-0.892142,21.2645,0.337952,-0.934028,0.115669,86.1913,-0.861888,-0.25777,0.436697,54.0839,0,0,0,1]},{"sid":"joint11","invBindMatrrix":[-0.131464,-0.0619384,-0.989384,-2.26439,-0.0314866,-0.997282,0.0666165,76.7024,-0.990821,0.03991,0.129156,32.6273,0,0,0,1]},{"sid":"joint12","invBindMatrrix":[-0.175125,-0.691147,-0.701176,50.4314,-0.280118,-0.647771,0.708468,62.0297,-0.943857,0.320482,-0.0801616,7.06597,0,0,0,1]},{"sid":"joint13","invBindMatrrix":[-0.167101,-0.46797,-0.867802,33.9912,-0.36859,-0.786706,0.495213,70.0256,-0.91445,0.402614,-0.0410299,0.513902,0,0,0,1]},{"sid":"joint14","invBindMatrrix":[-0.232133,-0.47018,-0.851496,36.1779,-0.324967,-0.787619,0.5235,65.7541,-0.916794,0.39823,0.0300387,1.14524,0,0,0,1]},{"sid":"joint15","invBindMatrrix":[-0.232133,-0.47018,-0.851496,35.7315,-0.324967,-0.787619,0.5235,63.5947,-0.916794,0.39823,0.0300387,1.14524,0,0,0,1]},{"sid":"joint16","invBindMatrrix":[-0.129091,-0.0349334,-0.991017,-4.10277,-0.335193,-0.939017,0.076763,72.7593,-0.933264,0.342091,0.109509,10.9813,0,0,0,1]},{"sid":"joint17","invBindMatrrix":[-0.106668,0.0124807,-0.994216,-7.78098,-0.668926,-0.7407,0.0624695,66.8572,-0.735636,0.67172,0.0873572,-15.4581,0,0,0,1]},{"sid":"joint18","invBindMatrrix":[-0.0471524,0.0627856,-0.996913,-12.4961,-0.804102,-0.594492,0.000591662,57.637,-0.592619,0.801647,0.0785177,-27.1747,0,0,0,1]},{"sid":"joint19","invBindMatrrix":[-0.0471524,0.0627856,-0.996913,-12.3624,-0.804102,-0.594492,0.000591662,54.0513,-0.592619,0.801647,0.0785177,-27.1747,0,0,0,1]},{"sid":"joint20","invBindMatrrix":[0.494086,0.0314061,0.868846,-6.70412,-0.818237,-0.321008,0.47691,42.7854,0.293884,-0.946556,-0.132908,123.608,0,0,0,1]},{"sid":"joint21","invBindMatrrix":[0.781045,-0.10716,0.615212,15.5254,-0.365124,-0.877588,0.310682,105.268,0.50661,-0.467285,-0.724563,69.727,0,0,0,1]},{"sid":"joint22","invBindMatrrix":[0.851889,0.341792,0.396816,-28.8206,0.0932854,-0.844596,0.527215,85.4677,0.515347,-0.412111,-0.751387,64.2773,0,0,0,1]},{"sid":"joint23","invBindMatrrix":[0.996268,-0.0680462,0.0530961,18.3812,-0.0802184,-0.957027,0.278683,73.4302,0.0318511,-0.281902,-0.958914,52.1726,0,0,0,1]},{"sid":"joint24","invBindMatrrix":[0.80269,0.591039,-0.0797535,-37.7857,0.582705,-0.805709,-0.106245,76.5873,-0.127053,0.0388094,-0.991136,23.989,0,0,0,1]},{"sid":"joint25","invBindMatrrix":[0.922589,0.383474,-0.0421523,-21.4599,0.376865,-0.919224,-0.114018,80.7618,-0.0824702,0.0893059,-0.992584,20.3572,0,0,0,1]},{"sid":"joint26","invBindMatrrix":[0.870625,0.491766,-0.0133778,-31.1376,0.489813,-0.869057,-0.0694558,73.2811,-0.0457821,0.0539174,-0.997495,23.5289,0,0,0,1]},{"sid":"joint27","invBindMatrrix":[0.870625,0.491766,-0.0133778,-30.6713,0.489813,-0.869057,-0.0694558,70.8717,-0.0457821,0.0539174,-0.997495,23.5289,0,0,0,1]},{"sid":"joint28","invBindMatrrix":[0.990483,-0.128936,0.0481466,23.0865,-0.123556,-0.987116,-0.101661,76.51,0.060634,0.0947445,-0.993653,25.0059,0,0,0,1]},{"sid":"joint29","invBindMatrrix":[0.979545,-0.197643,0.0377894,28.2677,-0.164897,-0.896059,-0.412174,74.3674,0.115325,0.397512,-0.910321,1.59824,0,0,0,1]},{"sid":"joint30","invBindMatrrix":[0.954838,-0.29642,-0.020488,36.362,-0.257783,-0.792143,-0.553225,65.6599,0.147757,0.533522,-0.83278,-9.3588,0,0,0,1]},{"sid":"joint31","invBindMatrrix":[0.954838,-0.29642,-0.020488,36.1519,-0.257783,-0.792143,-0.553225,62.1658,0.147757,0.533522,-0.83278,-9.3588,0,0,0,1]},{"sid":"joint32","invBindMatrrix":[-0.987258,0.0925804,0.129427,6.48621,-0.0013003,-0.818007,0.575207,61.8464,0.159125,0.56771,0.807703,-48.7692,0,0,0,1]},{"sid":"joint33","invBindMatrrix":[-0.975036,0.117538,0.188389,3.69047,-0.128156,-0.990725,-0.0451659,49.3859,0.181333,-0.0681815,0.981055,-23.537,0,0,0,1]},{"sid":"joint34","invBindMatrrix":[-0.943415,-0.151838,0.294809,4.77765,0.328108,-0.556318,0.76345,-12.9615,0.0480864,0.81698,0.574658,-25.5041,0,0,0,1]},{"sid":"joint35","invBindMatrrix":[-0.918223,0.00196672,0.396058,-0.0244166,0.395117,0.0736393,0.915675,-41.5595,-0.0273646,0.997283,-0.0683944,-0.440598,0,0,0,1]},{"sid":"joint36","invBindMatrrix":[-0.918223,0.00196672,0.396058,-0.0244166,0.395117,0.0736393,0.915675,-49.9761,-0.0273646,0.997283,-0.0683944,-0.440598,0,0,0,1]},{"sid":"joint37","invBindMatrrix":[-0.978142,0.0216279,-0.206808,-5.29398,0.0427021,-0.952484,-0.301579,74.372,-0.203504,-0.303818,0.930742,18.7565,0,0,0,1]},{"sid":"joint38","invBindMatrrix":[-0.969996,0.210402,-0.121814,-12.3386,-0.0322196,-0.607871,-0.793382,18.7835,-0.240976,-0.765652,0.596412,34.9952,0,0,0,1]},{"sid":"joint39","invBindMatrrix":[-0.944034,0.293701,-0.150131,-14.9207,-0.271168,-0.950179,-0.153712,13.5704,-0.187796,-0.104399,0.976644,34.1727,0,0,0,1]},{"sid":"joint40","invBindMatrrix":[-0.837072,0.0228276,-0.546617,-27.7809,-0.54616,-0.09319,0.832481,25.5578,-0.0319356,0.995387,0.0904742,0.695269,0,0,0,1]},{"sid":"joint41","invBindMatrrix":[-0.837072,0.0228276,-0.546617,-27.7809,-0.54616,-0.09319,0.832481,17.1086,-0.0319356,0.995387,0.0904742,0.695269,0,0,0,1]}],"maxJoints":1,"attribStackNum":1,"ndx_0":{"type":"Float32Array","length":36404,"offset":459111},"weight_0":{"type":"Float32Array","length":36404,"offset":495515},"infos":{"name":"Hape_003_FivePanel_Black_skin","type":"Skin","parent":"Hape_003_FivePanel_Black"}},{"name":"Hape_003_FivePanel_Black","type":"triangle","translate":[0,0,0],"scale":[1,1,1],"rotation":[0,0,0],"parent":null,"material":null,"skin":"Hape_003_FivePanel_Black_skin","vertices":{"type":"Float32Array","length":30255,"offset":531919},"normal":{"type":"Float32Array","length":30255,"offset":562174},"uvs":{"type":"Float32Array","length":20170,"offset":592429},"indices":{"type":"Uint32Array","length":52560,"offset":612599},"vertexIndex":{"type":"Uint32Array","length":10085,"offset":665159}},{"joints":[{"sid":"joint39","invBindMatrrix":[-0.983705,0.159139,-0.083664,-21.1873,-0.163451,-0.597742,0.784849,5.73029,0.0748908,0.785735,0.614013,-8.09335,0,0,0,1]},{"sid":"joint38","invBindMatrrix":[-0.987117,0.159871,0.00640025,-21.1456,-0.159862,-0.987137,0.00196765,42.7468,0.00663249,0.00091915,0.999978,1.41648,0,0,0,1]},{"sid":"joint40","invBindMatrrix":[-0.980703,0.0119512,-0.195138,-19.3379,-0.194824,0.0233748,0.98056,-18.141,0.0162802,0.999655,-0.0205953,-0.850487,0,0,0,1]},{"sid":"joint37","invBindMatrrix":[-0.992692,0.120576,0.0048271,-19.4352,-0.120673,-0.991898,-0.0397093,81.0886,-2.38383e-17,-0.0400016,0.9992,3.18726,0,0,0,1]},{"sid":"joint33","invBindMatrrix":[-0.987109,-0.159894,-0.00705084,20.9623,0.159859,-0.987126,0.00524676,42.7808,-0.00779899,0.00405198,0.999961,1.37157,0,0,0,1]},{"sid":"joint34","invBindMatrrix":[-0.983739,-0.158865,0.0837789,21.0003,0.163328,-0.597272,0.785233,5.73782,-0.0747076,0.786148,0.613507,-8.13202,0,0,0,1]},{"sid":"joint35","invBindMatrrix":[-0.980574,-0.0106444,0.195862,19.1327,0.195573,0.0235146,0.980407,-18.1621,-0.0150414,0.999667,-0.020976,-0.875736,0,0,0,1]},{"sid":"joint32","invBindMatrrix":[-0.992695,-0.120535,-0.00531524,19.2485,0.120652,-0.991731,-0.0437323,81.1008,4.81235e-18,-0.0440541,0.999029,3.45459,0,0,0,1]},{"sid":"joint1","invBindMatrrix":[0.997183,0.0546075,-0.0514129,-8.87755,-0.0525767,0.997813,0.0400579,-82.4137,0.053488,-0.037242,0.997874,-1.47718,0,0,0,1]},{"sid":"joint2","invBindMatrrix":[0.974273,-0.0573216,-0.217961,2.17783,0.0408051,0.995996,-0.0795409,-92.0529,0.221647,0.0686006,0.972711,-10.7704,0,0,0,1]},{"sid":"joint3","invBindMatrrix":[0.928527,-0.128965,-0.348145,10.1928,0.0944523,0.988932,-0.114424,-103.044,0.359049,0.0733629,0.930431,-11.7691,0,0,0,1]},{"sid":"joint4","invBindMatrrix":[0.861302,-0.205525,-0.46467,19.6885,0.145674,0.976031,-0.161684,-115.004,0.486762,0.0715681,0.870598,-12.221,0,0,0,1]},{"sid":"joint5","invBindMatrrix":[0.888793,-0.215055,-0.40472,20.7987,0.147139,0.97022,-0.192416,-129.176,0.434047,0.111468,0.893967,-17.0303,0,0,0,1]},{"sid":"joint6","invBindMatrrix":[0.989803,0.0630019,-0.12775,-18.7771,-0.0994889,0.947623,-0.303501,-131.213,0.101938,0.313116,0.944228,-44.0495,0,0,0,1]},{"sid":"joint7","invBindMatrrix":[0.989803,0.0630019,-0.12775,-18.7771,-0.0994889,0.947623,-0.303501,-157.224,0.101938,0.313116,0.944228,-51.8874,0,0,0,1]},{"sid":"joint8","invBindMatrrix":[-0.578666,-0.0273726,-0.815105,7.7727,0.611085,-0.676434,-0.411111,77.2196,-0.540112,-0.735995,0.408156,103.1,0,0,0,1]},{"sid":"joint9","invBindMatrrix":[-0.484494,0.118889,-0.866678,-12.1552,0.208819,-0.946364,-0.246555,106.051,-0.849506,-0.300433,0.433681,57.9775,0,0,0,1]},{"sid":"joint10","invBindMatrrix":[-0.378071,-0.247277,-0.892142,21.2645,0.337952,-0.934028,0.115669,86.1913,-0.861888,-0.25777,0.436697,54.0839,0,0,0,1]},{"sid":"joint11","invBindMatrrix":[-0.131464,-0.0619384,-0.989384,-2.26439,-0.0314866,-0.997282,0.0666165,76.7024,-0.990821,0.03991,0.129156,32.6273,0,0,0,1]},{"sid":"joint12","invBindMatrrix":[-0.175125,-0.691147,-0.701176,50.4314,-0.280118,-0.647771,0.708468,62.0297,-0.943857,0.320482,-0.0801616,7.06597,0,0,0,1]},{"sid":"joint13","invBindMatrrix":[-0.167101,-0.46797,-0.867802,33.9912,-0.36859,-0.786706,0.495213,70.0256,-0.91445,0.402614,-0.0410299,0.513902,0,0,0,1]},{"sid":"joint14","invBindMatrrix":[-0.232133,-0.47018,-0.851496,36.1779,-0.324967,-0.787619,0.5235,65.7541,-0.916794,0.39823,0.0300387,1.14524,0,0,0,1]},{"sid":"joint15","invBindMatrrix":[-0.232133,-0.47018,-0.851496,35.7315,-0.324967,-0.787619,0.5235,63.5947,-0.916794,0.39823,0.0300387,1.14524,0,0,0,1]},{"sid":"joint16","invBindMatrrix":[-0.129091,-0.0349334,-0.991017,-4.10277,-0.335193,-0.939017,0.076763,72.7593,-0.933264,0.342091,0.109509,10.9813,0,0,0,1]},{"sid":"joint17","invBindMatrrix":[-0.106668,0.0124807,-0.994216,-7.78098,-0.668926,-0.7407,0.0624695,66.8572,-0.735636,0.67172,0.0873572,-15.4581,0,0,0,1]},{"sid":"joint18","invBindMatrrix":[-0.0471524,0.0627856,-0.996913,-12.4961,-0.804102,-0.594492,0.000591662,57.637,-0.592619,0.801647,0.0785177,-27.1747,0,0,0,1]},{"sid":"joint19","invBindMatrrix":[-0.0471524,0.0627856,-0.996913,-12.3624,-0.804102,-0.594492,0.000591662,54.0513,-0.592619,0.801647,0.0785177,-27.1747,0,0,0,1]},{"sid":"joint20","invBindMatrrix":[0.494086,0.0314061,0.868846,-6.70412,-0.818237,-0.321008,0.47691,42.7854,0.293884,-0.946556,-0.132908,123.608,0,0,0,1]},{"sid":"joint21","invBindMatrrix":[0.781045,-0.10716,0.615212,15.5254,-0.365124,-0.877588,0.310682,105.268,0.50661,-0.467285,-0.724563,69.727,0,0,0,1]},{"sid":"joint22","invBindMatrrix":[0.851889,0.341792,0.396816,-28.8206,0.0932854,-0.844596,0.527215,85.4677,0.515347,-0.412111,-0.751387,64.2773,0,0,0,1]},{"sid":"joint23","invBindMatrrix":[0.996268,-0.0680462,0.0530961,18.3812,-0.0802184,-0.957027,0.278683,73.4302,0.0318511,-0.281902,-0.958914,52.1726,0,0,0,1]},{"sid":"joint24","invBindMatrrix":[0.80269,0.591039,-0.0797535,-37.7857,0.582705,-0.805709,-0.106245,76.5873,-0.127053,0.0388094,-0.991136,23.989,0,0,0,1]},{"sid":"joint25","invBindMatrrix":[0.922589,0.383474,-0.0421523,-21.4599,0.376865,-0.919224,-0.114018,80.7618,-0.0824702,0.0893059,-0.992584,20.3572,0,0,0,1]},{"sid":"joint26","invBindMatrrix":[0.870625,0.491766,-0.0133778,-31.1376,0.489813,-0.869057,-0.0694558,73.2811,-0.0457821,0.0539174,-0.997495,23.5289,0,0,0,1]},{"sid":"joint27","invBindMatrrix":[0.870625,0.491766,-0.0133778,-30.6713,0.489813,-0.869057,-0.0694558,70.8717,-0.0457821,0.0539174,-0.997495,23.5289,0,0,0,1]},{"sid":"joint28","invBindMatrrix":[0.990483,-0.128936,0.0481466,23.0865,-0.123556,-0.987116,-0.101661,76.51,0.060634,0.0947445,-0.993653,25.0059,0,0,0,1]},{"sid":"joint29","invBindMatrrix":[0.979545,-0.197643,0.0377894,28.2677,-0.164897,-0.896059,-0.412174,74.3674,0.115325,0.397512,-0.910321,1.59824,0,0,0,1]},{"sid":"joint30","invBindMatrrix":[0.954838,-0.29642,-0.020488,36.362,-0.257783,-0.792143,-0.553225,65.6599,0.147757,0.533522,-0.83278,-9.3588,0,0,0,1]},{"sid":"joint31","invBindMatrrix":[0.954838,-0.29642,-0.020488,36.1519,-0.257783,-0.792143,-0.553225,62.1658,0.147757,0.533522,-0.83278,-9.3588,0,0,0,1]},{"sid":"joint36","invBindMatrrix":[-0.918223,0.00196672,0.396058,-0.0244166,0.395117,0.0736393,0.915675,-49.9761,-0.0273646,0.997283,-0.0683944,-0.440598,0,0,0,1]},{"sid":"joint41","invBindMatrrix":[-0.837072,0.0228276,-0.546617,-27.7809,-0.54616,-0.09319,0.832481,17.1086,-0.0319356,0.995387,0.0904742,0.695269,0,0,0,1]}],"maxJoints":4,"attribStackNum":1,"ndx_0":{"type":"Float32Array","length":23552,"offset":675244},"weight_0":{"type":"Float32Array","length":23552,"offset":698796},"infos":{"name":"Hape_003_Laces_2_skin","type":"Skin","parent":"Hape_003_Laces_2"}},{"name":"Hape_003_Laces_2","type":"triangle","translate":[1.77636e-15,-5.68434e-14,-3.33067e-16],"scale":[1,1,1],"rotation":[1.73472288612996e-18,0,0],"parent":null,"material":null,"skin":"Hape_003_Laces_2_skin","vertices":{"type":"Float32Array","length":38793,"offset":722348},"normal":{"type":"Float32Array","length":38793,"offset":761141},"uvs":{"type":"Float32Array","length":25862,"offset":799934},"indices":{"type":"Uint32Array","length":31392,"offset":825796},"vertexIndex":{"type":"Uint32Array","length":12931,"offset":857188}},{"joints":[{"sid":"joint39","invBindMatrrix":[-0.983705,0.159139,-0.083664,-21.1873,-0.163451,-0.597742,0.784849,5.73029,0.0748908,0.785735,0.614013,-8.09335,0,0,0,1]},{"sid":"joint38","invBindMatrrix":[-0.987117,0.159871,0.00640025,-21.1456,-0.159862,-0.987137,0.00196765,42.7468,0.00663249,0.00091915,0.999978,1.41648,0,0,0,1]},{"sid":"joint40","invBindMatrrix":[-0.980703,0.0119512,-0.195138,-19.3379,-0.194824,0.0233748,0.98056,-18.141,0.0162802,0.999655,-0.0205953,-0.850487,0,0,0,1]},{"sid":"joint37","invBindMatrrix":[-0.992692,0.120576,0.0048271,-19.4352,-0.120673,-0.991898,-0.0397093,81.0886,-2.38383e-17,-0.0400016,0.9992,3.18726,0,0,0,1]},{"sid":"joint33","invBindMatrrix":[-0.987109,-0.159894,-0.00705084,20.9623,0.159859,-0.987126,0.00524676,42.7808,-0.00779899,0.00405198,0.999961,1.37157,0,0,0,1]},{"sid":"joint34","invBindMatrrix":[-0.983739,-0.158865,0.0837789,21.0003,0.163328,-0.597272,0.785233,5.73782,-0.0747076,0.786148,0.613507,-8.13202,0,0,0,1]},{"sid":"joint35","invBindMatrrix":[-0.980574,-0.0106444,0.195862,19.1327,0.195573,0.0235146,0.980407,-18.1621,-0.0150414,0.999667,-0.020976,-0.875736,0,0,0,1]},{"sid":"joint32","invBindMatrrix":[-0.992695,-0.120535,-0.00531524,19.2485,0.120652,-0.991731,-0.0437323,81.1008,4.81235e-18,-0.0440541,0.999029,3.45459,0,0,0,1]},{"sid":"joint1","invBindMatrrix":[0.997183,0.0546075,-0.0514129,-8.87755,-0.0525767,0.997813,0.0400579,-82.4137,0.053488,-0.037242,0.997874,-1.47718,0,0,0,1]},{"sid":"joint2","invBindMatrrix":[0.974273,-0.0573216,-0.217961,2.17783,0.0408051,0.995996,-0.0795409,-92.0529,0.221647,0.0686006,0.972711,-10.7704,0,0,0,1]},{"sid":"joint3","invBindMatrrix":[0.928527,-0.128965,-0.348145,10.1928,0.0944523,0.988932,-0.114424,-103.044,0.359049,0.0733629,0.930431,-11.7691,0,0,0,1]},{"sid":"joint4","invBindMatrrix":[0.861302,-0.205525,-0.46467,19.6885,0.145674,0.976031,-0.161684,-115.004,0.486762,0.0715681,0.870598,-12.221,0,0,0,1]},{"sid":"joint5","invBindMatrrix":[0.888793,-0.215055,-0.40472,20.7987,0.147139,0.97022,-0.192416,-129.176,0.434047,0.111468,0.893967,-17.0303,0,0,0,1]},{"sid":"joint6","invBindMatrrix":[0.989803,0.0630019,-0.12775,-18.7771,-0.0994889,0.947623,-0.303501,-131.213,0.101938,0.313116,0.944228,-44.0495,0,0,0,1]},{"sid":"joint7","invBindMatrrix":[0.989803,0.0630019,-0.12775,-18.7771,-0.0994889,0.947623,-0.303501,-157.224,0.101938,0.313116,0.944228,-51.8874,0,0,0,1]},{"sid":"joint8","invBindMatrrix":[-0.578666,-0.0273726,-0.815105,7.7727,0.611085,-0.676434,-0.411111,77.2196,-0.540112,-0.735995,0.408156,103.1,0,0,0,1]},{"sid":"joint9","invBindMatrrix":[-0.484494,0.118889,-0.866678,-12.1552,0.208819,-0.946364,-0.246555,106.051,-0.849506,-0.300433,0.433681,57.9775,0,0,0,1]},{"sid":"joint10","invBindMatrrix":[-0.378071,-0.247277,-0.892142,21.2645,0.337952,-0.934028,0.115669,86.1913,-0.861888,-0.25777,0.436697,54.0839,0,0,0,1]},{"sid":"joint11","invBindMatrrix":[-0.131464,-0.0619384,-0.989384,-2.26439,-0.0314866,-0.997282,0.0666165,76.7024,-0.990821,0.03991,0.129156,32.6273,0,0,0,1]},{"sid":"joint12","invBindMatrrix":[-0.175125,-0.691147,-0.701176,50.4314,-0.280118,-0.647771,0.708468,62.0297,-0.943857,0.320482,-0.0801616,7.06597,0,0,0,1]},{"sid":"joint13","invBindMatrrix":[-0.167101,-0.46797,-0.867802,33.9912,-0.36859,-0.786706,0.495213,70.0256,-0.91445,0.402614,-0.0410299,0.513902,0,0,0,1]},{"sid":"joint14","invBindMatrrix":[-0.232133,-0.47018,-0.851496,36.1779,-0.324967,-0.787619,0.5235,65.7541,-0.916794,0.39823,0.0300387,1.14524,0,0,0,1]},{"sid":"joint15","invBindMatrrix":[-0.232133,-0.47018,-0.851496,35.7315,-0.324967,-0.787619,0.5235,63.5947,-0.916794,0.39823,0.0300387,1.14524,0,0,0,1]},{"sid":"joint16","invBindMatrrix":[-0.129091,-0.0349334,-0.991017,-4.10277,-0.335193,-0.939017,0.076763,72.7593,-0.933264,0.342091,0.109509,10.9813,0,0,0,1]},{"sid":"joint17","invBindMatrrix":[-0.106668,0.0124807,-0.994216,-7.78098,-0.668926,-0.7407,0.0624695,66.8572,-0.735636,0.67172,0.0873572,-15.4581,0,0,0,1]},{"sid":"joint18","invBindMatrrix":[-0.0471524,0.0627856,-0.996913,-12.4961,-0.804102,-0.594492,0.000591662,57.637,-0.592619,0.801647,0.0785177,-27.1747,0,0,0,1]},{"sid":"joint19","invBindMatrrix":[-0.0471524,0.0627856,-0.996913,-12.3624,-0.804102,-0.594492,0.000591662,54.0513,-0.592619,0.801647,0.0785177,-27.1747,0,0,0,1]},{"sid":"joint20","invBindMatrrix":[0.494086,0.0314061,0.868846,-6.70412,-0.818237,-0.321008,0.47691,42.7854,0.293884,-0.946556,-0.132908,123.608,0,0,0,1]},{"sid":"joint21","invBindMatrrix":[0.781045,-0.10716,0.615212,15.5254,-0.365124,-0.877588,0.310682,105.268,0.50661,-0.467285,-0.724563,69.727,0,0,0,1]},{"sid":"joint22","invBindMatrrix":[0.851889,0.341792,0.396816,-28.8206,0.0932854,-0.844596,0.527215,85.4677,0.515347,-0.412111,-0.751387,64.2773,0,0,0,1]},{"sid":"joint23","invBindMatrrix":[0.996268,-0.0680462,0.0530961,18.3812,-0.0802184,-0.957027,0.278683,73.4302,0.0318511,-0.281902,-0.958914,52.1726,0,0,0,1]},{"sid":"joint24","invBindMatrrix":[0.80269,0.591039,-0.0797535,-37.7857,0.582705,-0.805709,-0.106245,76.5873,-0.127053,0.0388094,-0.991136,23.989,0,0,0,1]},{"sid":"joint25","invBindMatrrix":[0.922589,0.383474,-0.0421523,-21.4599,0.376865,-0.919224,-0.114018,80.7618,-0.0824702,0.0893059,-0.992584,20.3572,0,0,0,1]},{"sid":"joint26","invBindMatrrix":[0.870625,0.491766,-0.0133778,-31.1376,0.489813,-0.869057,-0.0694558,73.2811,-0.0457821,0.0539174,-0.997495,23.5289,0,0,0,1]},{"sid":"joint27","invBindMatrrix":[0.870625,0.491766,-0.0133778,-30.6713,0.489813,-0.869057,-0.0694558,70.8717,-0.0457821,0.0539174,-0.997495,23.5289,0,0,0,1]},{"sid":"joint28","invBindMatrrix":[0.990483,-0.128936,0.0481466,23.0865,-0.123556,-0.987116,-0.101661,76.51,0.060634,0.0947445,-0.993653,25.0059,0,0,0,1]},{"sid":"joint29","invBindMatrrix":[0.979545,-0.197643,0.0377894,28.2677,-0.164897,-0.896059,-0.412174,74.3674,0.115325,0.397512,-0.910321,1.59824,0,0,0,1]},{"sid":"joint30","invBindMatrrix":[0.954838,-0.29642,-0.020488,36.362,-0.257783,-0.792143,-0.553225,65.6599,0.147757,0.533522,-0.83278,-9.3588,0,0,0,1]},{"sid":"joint31","invBindMatrrix":[0.954838,-0.29642,-0.020488,36.1519,-0.257783,-0.792143,-0.553225,62.1658,0.147757,0.533522,-0.83278,-9.3588,0,0,0,1]},{"sid":"joint36","invBindMatrrix":[-0.918223,0.00196672,0.396058,-0.0244166,0.395117,0.0736393,0.915675,-49.9761,-0.0273646,0.997283,-0.0683944,-0.440598,0,0,0,1]},{"sid":"joint41","invBindMatrrix":[-0.837072,0.0228276,-0.546617,-27.7809,-0.54616,-0.09319,0.832481,17.1086,-0.0319356,0.995387,0.0904742,0.695269,0,0,0,1]}],"maxJoints":4,"attribStackNum":1,"ndx_0":{"type":"Float32Array","length":7344,"offset":870119},"weight_0":{"type":"Float32Array","length":7344,"offset":877463},"infos":{"name":"Hape_003_Laces_1_skin","type":"Skin","parent":"Hape_003_Laces_1"}},{"name":"Hape_003_Laces_1","type":"triangle","translate":[1.77636e-15,-5.68434e-14,-3.33067e-16],"scale":[1,1,1],"rotation":[1.73472288612996e-18,0,0],"parent":null,"material":null,"skin":"Hape_003_Laces_1_skin","vertices":{"type":"Float32Array","length":11604,"offset":884807},"normal":{"type":"Float32Array","length":11604,"offset":896411},"uvs":{"type":"Float32Array","length":7736,"offset":908015},"indices":{"type":"Uint32Array","length":10992,"offset":915751},"vertexIndex":{"type":"Uint32Array","length":3868,"offset":926743}},{"joints":[{"sid":"joint39","invBindMatrrix":[-0.983705,0.159139,-0.083664,-21.1873,-0.163451,-0.597742,0.784849,5.73029,0.0748908,0.785735,0.614013,-8.09335,0,0,0,1]},{"sid":"joint37","invBindMatrrix":[-0.992692,0.120576,0.0048271,-19.4352,-0.120673,-0.991898,-0.0397093,81.0886,-2.38383e-17,-0.0400016,0.9992,3.18726,0,0,0,1]},{"sid":"joint38","invBindMatrrix":[-0.987117,0.159871,0.00640025,-21.1456,-0.159862,-0.987137,0.00196765,42.7468,0.00663249,0.00091915,0.999978,1.41648,0,0,0,1]},{"sid":"joint40","invBindMatrrix":[-0.980703,0.0119512,-0.195138,-19.3379,-0.194824,0.0233748,0.98056,-18.141,0.0162802,0.999655,-0.0205953,-0.850487,0,0,0,1]},{"sid":"joint1","invBindMatrrix":[0.997183,0.0546075,-0.0514129,-8.87755,-0.0525767,0.997813,0.0400579,-82.4137,0.053488,-0.037242,0.997874,-1.47718,0,0,0,1]},{"sid":"joint2","invBindMatrrix":[0.974273,-0.0573216,-0.217961,2.17783,0.0408051,0.995996,-0.0795409,-92.0529,0.221647,0.0686006,0.972711,-10.7704,0,0,0,1]},{"sid":"joint3","invBindMatrrix":[0.928527,-0.128965,-0.348145,10.1928,0.0944523,0.988932,-0.114424,-103.044,0.359049,0.0733629,0.930431,-11.7691,0,0,0,1]},{"sid":"joint4","invBindMatrrix":[0.861302,-0.205525,-0.46467,19.6885,0.145674,0.976031,-0.161684,-115.004,0.486762,0.0715681,0.870598,-12.221,0,0,0,1]},{"sid":"joint5","invBindMatrrix":[0.888793,-0.215055,-0.40472,20.7987,0.147139,0.97022,-0.192416,-129.176,0.434047,0.111468,0.893967,-17.0303,0,0,0,1]},{"sid":"joint6","invBindMatrrix":[0.989803,0.0630019,-0.12775,-18.7771,-0.0994889,0.947623,-0.303501,-131.213,0.101938,0.313116,0.944228,-44.0495,0,0,0,1]},{"sid":"joint7","invBindMatrrix":[0.989803,0.0630019,-0.12775,-18.7771,-0.0994889,0.947623,-0.303501,-157.224,0.101938,0.313116,0.944228,-51.8874,0,0,0,1]},{"sid":"joint8","invBindMatrrix":[-0.578666,-0.0273726,-0.815105,7.7727,0.611085,-0.676434,-0.411111,77.2196,-0.540112,-0.735995,0.408156,103.1,0,0,0,1]},{"sid":"joint9","invBindMatrrix":[-0.484494,0.118889,-0.866678,-12.1552,0.208819,-0.946364,-0.246555,106.051,-0.849506,-0.300433,0.433681,57.9775,0,0,0,1]},{"sid":"joint10","invBindMatrrix":[-0.378071,-0.247277,-0.892142,21.2645,0.337952,-0.934028,0.115669,86.1913,-0.861888,-0.25777,0.436697,54.0839,0,0,0,1]},{"sid":"joint11","invBindMatrrix":[-0.131464,-0.0619384,-0.989384,-2.26439,-0.0314866,-0.997282,0.0666165,76.7024,-0.990821,0.03991,0.129156,32.6273,0,0,0,1]},{"sid":"joint12","invBindMatrrix":[-0.175125,-0.691147,-0.701176,50.4314,-0.280118,-0.647771,0.708468,62.0297,-0.943857,0.320482,-0.0801616,7.06597,0,0,0,1]},{"sid":"joint13","invBindMatrrix":[-0.167101,-0.46797,-0.867802,33.9912,-0.36859,-0.786706,0.495213,70.0256,-0.91445,0.402614,-0.0410299,0.513902,0,0,0,1]},{"sid":"joint14","invBindMatrrix":[-0.232133,-0.47018,-0.851496,36.1779,-0.324967,-0.787619,0.5235,65.7541,-0.916794,0.39823,0.0300387,1.14524,0,0,0,1]},{"sid":"joint15","invBindMatrrix":[-0.232133,-0.47018,-0.851496,35.7315,-0.324967,-0.787619,0.5235,63.5947,-0.916794,0.39823,0.0300387,1.14524,0,0,0,1]},{"sid":"joint16","invBindMatrrix":[-0.129091,-0.0349334,-0.991017,-4.10277,-0.335193,-0.939017,0.076763,72.7593,-0.933264,0.342091,0.109509,10.9813,0,0,0,1]},{"sid":"joint17","invBindMatrrix":[-0.106668,0.0124807,-0.994216,-7.78098,-0.668926,-0.7407,0.0624695,66.8572,-0.735636,0.67172,0.0873572,-15.4581,0,0,0,1]},{"sid":"joint18","invBindMatrrix":[-0.0471524,0.0627856,-0.996913,-12.4961,-0.804102,-0.594492,0.000591662,57.637,-0.592619,0.801647,0.0785177,-27.1747,0,0,0,1]},{"sid":"joint19","invBindMatrrix":[-0.0471524,0.0627856,-0.996913,-12.3624,-0.804102,-0.594492,0.000591662,54.0513,-0.592619,0.801647,0.0785177,-27.1747,0,0,0,1]},{"si